38 14.724255104971334
89 -46.675643932142385
25 -1.0266286026607707
17 50.0
83 50.0
5 50.0
86 50.0
7 50.0
12 50.0
55 -46.64018863434242
4 -35.44563718351188
98 23.970411399123858
13 -50.0
15 -15.289821961789935
69 50.0
21 47.84089286487113
14 48.13872875314556
16 6.694157857804889
27 45.65539990150758
20 -45.75613613726068
26 -50.0
1 -46.810209047052794
8 -0.6537353286786853
52 -10.511329655300298
66 48.74442560748817
57 47.33866200740897
30 -50.0
45 45.57184318022455
6 49.088267646161995
35 -50.0
84 49.25061573812446
10 -50.0
92 -50.0
87 -50.0
76 -42.282692997921814
19 -50.0
11 23.278944204678787
39 16.780341333191643
41 39.49002922550505
34 44.473449423695016
40 -50.0
68 2.8277053228342806
36 21.372412749641853
75 46.16728136074926
79 -50.0
91 -34.46464907811577
99 -11.195084432746174
50 -50.0
71 15.60681459318198
37 46.38142942837368
48 4.700344219871184
42 14.228424027523735
85 48.39324355542419
49 2.2380189869023965
47 8.742118778228242
80 50.0
28 0.7710386576912514
53 23.59704921413904
73 -38.724333327839254
9 5.441453353404292
95 -32.65340157560421
22 21.350119175800405
90 28.310699470591764
33 19.14244532426556
46 45.59853414342845
64 27.62817712230401
77 48.018871494586335
2 -50.0
24 -50.0
59 -23.306897742266152
96 50.0
44 40.62714403852017
43 12.8577025847373
72 50.0
81 -50.0
63 50.0
54 32.536101653137564
3 50.0
32 -48.29074695287473
29 26.3572548447918
70 -20.56055423781261
82 23.3327419543508
97 -50.0
88 28.489675544642402
78 22.653346558151924
67 32.0027716412651
62 50.0
61 47.41655014535577
94 50.0
93 50.0
74 -27.98612653309094
65 -6.3812870515342155
56 48.99276079378871
18 -50.0
31 47.2466408249404
58 -29.822198110186182
60 -50.0
51 -48.74612663482461
23 13.533205399205276
0 47.717940890223915
