50 245 
0 F -50 50
1 F -50 50
2 F -50 50
3 F -50 50
4 F -50 50
5 F -50 50
6 F -50 50
7 F -50 50
8 F -50 50
9 F -50 50
10 F -50 50
11 F -50 50
12 F -50 50
13 F -50 50
14 F -50 50
15 F -50 50
16 F -50 50
17 F -50 50
18 F -50 50
19 F -50 50
20 F -50 50
21 F -50 50
22 F -50 50
23 F -50 50
24 F -50 50
25 F -50 50
26 F -50 50
27 F -50 50
28 F -50 50
29 F -50 50
30 F -50 50
31 F -50 50
32 F -50 50
33 F -50 50
34 F -50 50
35 F -50 50
36 F -50 50
37 F -50 50
38 F -50 50
39 F -50 50
40 F -50 50
41 F -50 50
42 F -50 50
43 F -50 50
44 F -50 50
45 F -50 50
46 F -50 50
47 F -50 50
48 F -50 50
49 F -50 50
3 11
5 -2 2
33 48
4 2 3
31 38
4 2 -1
35 37
0 -1 2
3 26
1 -3 0
37 41
-3 3 -5
11 12
1 1 -3
38 39
-2 5 5
12 48
-5 3 -3
1 11
-1 3 -3
27 30
3 -3 3
2 16
0 1 3
18 21
1 -3 3
21 41
5 -5 1
8 29
-2 -4 1
6 22
-5 -1 3
5 21
-1 5 2
14 25
0 -5 4
33 38
3 4 -4
7 24
4 -1 -5
2 15
-1 -4 -1
25 42
-5 5 -5
22 48
-4 2 -2
19 36
-2 5 -5
7 9
-5 -1 -2
24 40
-4 1 1
0 31
-2 -4 5
18 23
4 0 -5
1 32
5 5 -5
11 29
-5 0 1
28 49
4 4 -2
24 45
2 -4 -1
2 34
5 -5 3
2 48
-4 2 -5
4 33
5 -4 4
13 34
3 5 2
1 27
3 -5 -5
4 49
-2 0 -2
4 23
-2 4 0
7 29
5 4 -2
19 38
-4 1 -3
10 48
3 5 -5
14 21
5 -5 -4
1 17
1 2 5
46 47
0 5 -4
27 46
-5 5 4
37 44
0 3 -4
4 20
4 -2 5
3 43
2 2 4
11 43
0 -3 4
17 36
-1 4 4
31 39
4 -1 -3
16 27
-4 -1 -4
25 46
3 -2 4
5 33
5 5 1
30 43
-1 -4 4
10 49
4 -5 1
30 40
4 -2 -5
9 30
2 5 -4
16 38
1 -2 2
3 29
0 -4 5
21 23
-4 -4 5
11 46
-3 2 2
20 23
-3 -1 -2
13 16
-2 5 5
1 12
-2 0 -2
19 33
5 -4 -2
7 42
-3 2 -3
16 39
-2 0 3
32 44
5 1 -1
6 21
4 5 3
35 44
-4 1 -2
15 21
3 -1 1
16 40
4 -3 -3
24 49
-3 -2 3
9 45
-2 2 1
21 49
-1 -5 4
36 48
2 -1 -4
25 36
-4 1 5
6 48
-5 2 2
6 33
0 3 -1
0 16
-4 -4 1
19 44
4 -1 -5
27 45
-4 -5 -1
33 49
-5 1 3
43 45
-3 2 -5
18 19
4 -1 -2
20 38
-3 5 -4
15 30
2 1 3
8 11
-2 -5 -2
34 41
0 -2 3
6 38
3 5 -4
4 38
-3 -2 -2
27 42
2 5 1
24 37
-1 5 1
39 47
0 -4 1
23 48
0 3 -3
9 37
1 -4 -5
22 31
-4 -3 -2
20 47
0 -4 0
24 38
-4 0 -1
16 17
1 3 0
22 30
-5 -2 0
2 41
0 -3 3
3 38
-3 -4 5
15 29
0 -1 -4
17 38
1 -1 5
29 42
5 -5 -2
5 13
-1 2 -4
9 17
-2 1 0
16 33
4 0 0
0 49
2 1 3
31 44
3 -1 1
24 27
1 -1 -2
1 10
5 3 -4
16 29
1 -5 1
6 49
3 1 -3
22 25
-3 2 -5
14 31
-1 5 -5
37 47
3 -5 -4
4 26
2 3 -3
26 35
-4 -5 -1
4 48
-4 -5 -2
0 48
-3 -3 2
9 29
-4 4 -2
17 37
4 -4 1
10 33
3 -5 4
3 20
3 3 -1
21 22
3 3 0
10 37
1 0 -3
1 25
-1 2 -3
24 29
-5 0 5
9 43
2 -3 4
12 42
-4 -5 0
9 36
1 -1 -3
7 40
-3 -5 0
22 44
4 -5 2
47 48
-4 -3 -2
9 18
-1 3 -1
15 19
3 -1 -4
6 8
5 4 2
22 43
-2 3 -4
17 49
3 -2 -2
25 48
3 -5 -2
36 44
-4 1 1
8 23
-3 2 4
35 49
-3 5 4
14 41
0 4 -2
28 41
3 1 -5
46 48
5 4 0
0 33
4 3 -1
8 48
2 0 -1
22 40
2 -2 0
17 43
-5 0 -3
11 14
-2 4 -1
7 21
4 -5 -3
5 47
1 -2 2
12 24
4 -1 -1
0 25
-5 -5 2
18 28
2 -5 2
10 34
5 5 1
13 45
1 3 -1
7 18
4 0 -2
22 39
2 -1 -1
25 27
3 -4 4
27 33
5 3 -4
21 29
-2 1 0
10 28
5 1 -4
1 35
5 -3 -5
6 42
4 5 3
7 19
0 0 4
11 48
4 1 3
2 20
0 -3 -3
4 44
-5 4 -1
18 39
1 -5 -2
4 22
0 3 4
38 41
4 -5 -1
19 28
0 1 4
4 19
-3 3 3
28 32
-2 1 -2
13 20
-2 3 0
24 32
0 -3 4
6 7
-1 5 -5
26 34
-1 -3 0
3 22
3 1 -1
1 6
3 -5 1
39 44
4 4 3
8 47
5 5 0
24 48
-1 0 4
18 31
4 2 3
13 29
0 -2 0
3 18
1 4 -3
2 45
-3 -2 5
41 43
0 3 4
12 34
-2 5 2
38 45
2 -2 4
10 30
-5 -1 -3
9 24
4 -5 3
35 39
0 0 -5
4 9
-5 0 2
14 37
-5 -3 5
33 34
3 -4 1
6 47
-3 3 0
12 26
5 3 0
15 49
-5 2 2
1 33
-4 -4 -4
4 11
0 0 -4
40 48
-5 -1 -2
15 35
-4 4 5
31 32
-4 -4 -5
22 42
-2 -3 1
5 10
5 -5 2
27 40
5 -4 -3
8 33
-5 4 4
25 37
3 4 5
0 27
1 0 -5
5 48
-5 -1 -4
20 24
-1 3 3
13 28
4 -5 -1
5 35
-1 -5 3
16 49
3 -1 0
36 38
-3 2 5
6 41
5 1 -4
8 30
1 2 -1
23 38
2 -3 3
16 37
2 -5 -5
16 26
4 -3 -5
20 42
-5 -3 -3
2 29
-1 2 -2
22 38
1 4 1
8 13
-5 -3 -3
6 34
4 0 1
19 41
-4 4 -2
16 43
-4 5 5
32 35
5 -3 3
1 18
-1 -1 1
2 42
2 -2 4
4 13
0 5 0
5 17
-4 -4 -3
1 4
-1 -2 4
16 24
-4 2 -5
26 39
2 -1 1
17 31
-1 -5 3
15 46
2 -3 -2
7 39
5 2 -2
