50 245 
0 F -50 50
1 F -50 50
2 F -50 50
3 F -50 50
4 F -50 50
5 F -50 50
6 F -50 50
7 F -50 50
8 F -50 50
9 F -50 50
10 F -50 50
11 F -50 50
12 F -50 50
13 F -50 50
14 F -50 50
15 F -50 50
16 F -50 50
17 F -50 50
18 F -50 50
19 F -50 50
20 F -50 50
21 F -50 50
22 F -50 50
23 F -50 50
24 F -50 50
25 F -50 50
26 F -50 50
27 F -50 50
28 F -50 50
29 F -50 50
30 F -50 50
31 F -50 50
32 F -50 50
33 F -50 50
34 F -50 50
35 F -50 50
36 F -50 50
37 F -50 50
38 F -50 50
39 F -50 50
40 F -50 50
41 F -50 50
42 F -50 50
43 F -50 50
44 F -50 50
45 F -50 50
46 F -50 50
47 F -50 50
48 F -50 50
49 F -50 50
29 45
-3 3 2
40 48
3 -4 -4
9 26
-4 -3 5
28 45
4 3 2
13 14
0 -4 -2
5 31
-5 1 3
6 26
-2 4 -2
9 12
5 3 -3
12 24
0 4 2
0 6
4 4 2
15 34
3 -4 2
1 10
3 0 -5
28 49
1 -3 2
4 23
3 -3 4
21 33
0 4 5
20 33
-3 2 -3
0 13
0 2 3
2 7
0 3 5
3 21
5 4 4
0 3
4 5 1
15 49
-1 -2 2
31 40
-2 -4 0
30 40
-3 2 4
20 40
-1 1 2
26 34
-5 -5 5
10 49
-1 -5 0
2 35
-3 -2 2
8 33
3 -1 4
7 9
2 -3 2
11 39
5 2 -4
0 23
0 0 -5
2 25
-1 3 -1
19 25
4 -3 -4
11 14
0 -3 5
14 36
-5 0 -3
23 38
3 -1 -2
14 16
-3 4 -4
27 41
4 5 1
44 46
5 5 0
23 47
-2 -4 -2
11 43
3 4 4
13 44
-2 5 -2
12 37
4 5 -3
3 17
5 0 4
15 32
2 3 -4
27 28
2 2 2
18 43
3 -4 -1
4 42
1 -3 2
6 22
5 5 4
12 22
5 0 2
22 30
2 0 -4
9 47
-4 5 2
14 37
-5 0 1
3 9
5 0 3
40 46
-1 4 1
29 37
0 3 -5
1 26
3 -4 2
13 20
5 3 4
8 35
5 5 0
4 8
1 -4 3
1 46
3 2 -1
38 49
-2 -4 -4
0 20
-3 -4 3
16 17
5 4 -1
36 39
-2 1 -2
1 31
2 -2 4
15 19
2 5 -3
17 33
5 5 5
30 34
-2 -4 1
15 40
5 2 0
13 45
0 -5 -3
19 47
2 3 5
0 12
-3 0 -3
8 29
2 5 -4
29 32
0 -4 -5
6 41
-3 -3 5
3 30
-1 -3 5
27 31
2 -2 1
34 43
5 -5 4
26 32
2 3 -1
17 39
3 -4 -5
35 44
4 -5 2
12 19
2 -3 0
28 48
-1 0 3
25 33
0 5 -3
18 41
0 -4 -3
23 33
1 -1 0
28 39
4 3 2
32 47
-5 -4 4
20 43
5 2 -3
11 48
4 3 -2
14 39
4 0 -5
19 32
3 -4 1
26 39
2 5 4
9 23
-3 5 -3
16 33
-3 -4 1
18 33
0 0 2
7 37
-3 -1 5
6 10
-2 -2 -4
5 32
-2 -4 -3
9 30
-4 5 -5
26 29
-2 -4 -3
35 40
-5 -3 -3
10 38
1 4 -3
15 33
4 4 3
36 42
-3 0 2
6 20
5 -4 -1
10 19
4 -5 5
32 35
-5 -1 4
23 41
2 -5 -4
2 29
-2 0 0
6 34
2 -1 -4
0 35
-5 -2 3
23 32
-2 2 -1
1 12
1 -1 -3
1 35
-2 -5 5
27 36
-2 0 -4
2 48
-3 5 -3
7 47
3 -1 -2
2 5
-1 5 -3
3 46
-1 0 -4
1 42
5 4 4
10 44
5 3 -3
15 39
-1 4 -5
18 45
0 -4 -5
14 34
1 -5 5
15 38
-4 1 -1
24 40
1 4 0
19 43
0 -3 -2
46 47
2 0 2
1 37
2 -3 1
9 31
-5 -2 -2
7 41
3 2 2
5 28
-1 4 -3
43 49
-5 4 -5
19 29
-1 -5 2
19 26
-5 -2 2
6 39
5 0 1
5 16
2 -3 -1
8 36
1 5 -1
5 13
2 2 2
22 31
-5 2 -5
10 46
-4 1 2
17 31
-3 4 -5
18 46
5 -5 5
6 24
-1 2 4
29 49
4 -1 4
0 9
-3 -4 -2
36 45
3 -4 -1
31 37
-1 4 3
0 7
-3 5 0
0 42
-3 -3 2
15 48
4 -4 -3
29 42
2 3 1
14 26
-5 -3 1
16 24
-4 2 2
35 36
0 -2 -4
13 49
0 -1 2
12 45
1 -2 -4
25 35
4 4 4
24 30
2 0 3
15 18
-5 4 -4
14 49
-2 1 -4
9 10
2 -5 3
24 25
-5 2 0
15 29
4 -1 4
5 18
2 2 1
0 31
5 2 4
0 37
4 -5 -4
3 43
1 -4 0
7 39
3 1 0
4 12
-5 0 0
40 41
-1 -3 -1
20 42
5 1 4
9 36
4 -1 -3
23 29
5 5 0
5 17
4 2 -4
4 15
-4 -3 3
37 40
-2 4 -1
11 24
-5 2 3
21 31
0 4 3
20 39
-4 5 -5
4 9
0 4 -2
4 37
4 0 0
7 36
-4 -4 -5
3 39
5 -5 -3
39 48
-4 5 -3
2 37
5 -1 -2
12 16
-2 0 5
9 42
-2 -1 4
7 25
1 -2 -4
1 28
2 -1 4
21 23
0 1 2
13 40
3 -3 0
33 44
-1 -3 3
4 34
-5 -2 4
7 21
-3 2 1
32 42
-2 2 -1
14 30
-1 2 -3
34 49
0 4 2
3 49
0 -5 2
30 43
-2 1 3
28 31
-3 -5 -1
4 35
-4 -5 4
37 41
0 2 -5
11 12
2 -5 -2
8 47
5 0 3
11 13
-5 2 0
6 43
3 4 2
12 29
4 -3 -2
5 19
0 2 -4
12 38
-3 4 0
4 32
-1 5 4
19 24
-5 -4 4
16 43
1 -3 2
37 39
1 4 3
30 36
-1 1 0
8 20
-2 -5 -1
7 48
1 5 -4
18 21
-5 -5 4
5 43
-4 -2 2
29 44
-4 -1 4
0 49
-2 -2 4
22 43
-4 -4 4
46 48
5 0 -4
27 33
-1 2 1
6 14
-4 0 4
17 34
3 -3 5
6 40
-2 -1 3
6 44
-5 -5 2
32 34
2 -2 0
14 24
-2 -2 -5
2 44
-2 -4 -1
6 30
0 -1 1
32 39
-2 2 -4
2 14
5 -1 2
3 34
-5 5 0
2 32
-1 -1 2
2 30
-4 1 -4
8 14
-1 -5 -2
5 44
-3 0 4
38 40
-3 3 -4
6 12
-2 4 -1
15 26
-4 2 1
24 26
3 -3 -5
