50 245 
0 F -50 50
1 F -50 50
2 F -50 50
3 F -50 50
4 F -50 50
5 F -50 50
6 F -50 50
7 F -50 50
8 F -50 50
9 F -50 50
10 F -50 50
11 F -50 50
12 F -50 50
13 F -50 50
14 F -50 50
15 F -50 50
16 F -50 50
17 F -50 50
18 F -50 50
19 F -50 50
20 F -50 50
21 F -50 50
22 F -50 50
23 F -50 50
24 F -50 50
25 F -50 50
26 F -50 50
27 F -50 50
28 F -50 50
29 F -50 50
30 F -50 50
31 F -50 50
32 F -50 50
33 F -50 50
34 F -50 50
35 F -50 50
36 F -50 50
37 F -50 50
38 F -50 50
39 F -50 50
40 F -50 50
41 F -50 50
42 F -50 50
43 F -50 50
44 F -50 50
45 F -50 50
46 F -50 50
47 F -50 50
48 F -50 50
49 F -50 50
31 41
-1 1 3
26 36
0 5 5
11 20
-4 -4 -2
0 11
-4 -3 -2
35 44
-4 -2 3
5 39
1 -1 -5
43 47
5 5 4
16 23
0 -3 -3
27 37
-5 -5 2
16 22
-4 5 -2
19 30
5 -1 5
31 49
4 -4 3
40 43
-4 -5 -3
7 47
1 -5 2
26 43
-2 1 -1
2 22
-3 -1 3
31 36
2 5 4
15 17
-2 -4 -1
16 24
-3 3 -5
18 46
4 4 -4
16 18
4 4 4
20 44
0 3 -5
24 37
-5 3 -5
20 23
5 4 5
9 11
-4 -1 5
38 45
5 -5 5
9 43
3 -4 -5
3 44
-3 -5 3
23 39
-3 0 5
24 28
-1 2 1
4 5
4 -1 -4
13 48
-2 4 5
11 29
4 3 1
1 6
4 4 -4
6 46
-4 -1 -4
11 14
4 -5 -3
2 15
-2 -4 2
42 49
-2 -4 4
0 12
3 4 4
21 33
-4 1 -4
1 19
-3 -5 4
6 38
-4 4 3
32 48
-5 2 -2
3 25
2 3 1
24 48
4 -5 -5
22 33
5 3 4
5 8
5 3 -3
15 34
3 -2 -5
10 24
-3 1 -2
21 37
1 -1 2
1 13
3 2 -4
40 41
-2 -4 -2
6 33
-2 4 2
22 26
0 -5 1
33 49
-5 0 1
3 14
1 5 -1
31 39
-2 1 -3
6 15
-1 4 1
19 23
-5 -4 -5
1 17
1 -1 5
10 31
-3 5 -2
25 41
5 -2 2
4 8
4 4 -3
17 32
-2 2 0
5 31
-4 -3 1
18 32
5 4 -3
18 30
3 -5 -2
1 24
3 2 -2
8 24
-5 3 2
29 46
3 5 3
14 39
-3 3 -2
46 48
1 4 2
27 45
4 -1 1
39 45
1 5 0
34 47
-4 5 1
47 49
-2 -3 -5
8 48
-5 -4 -3
18 47
-4 -1 4
44 48
2 -1 5
15 39
3 1 0
0 18
5 -5 1
8 20
-3 -1 -2
4 19
-1 1 2
4 34
5 -4 -2
34 48
4 0 -3
10 47
-4 0 0
35 43
-5 1 1
20 32
1 4 2
0 5
-4 -4 -2
33 48
-4 5 0
20 25
-2 5 5
35 47
2 -2 4
4 31
-4 4 -2
17 45
3 3 -3
9 25
0 1 3
9 27
2 -1 2
35 36
1 0 -5
40 48
-2 4 1
5 36
4 4 1
6 19
2 -2 -3
33 43
4 1 -4
4 28
-1 -4 -1
12 19
-3 -1 -4
10 29
3 2 3
20 46
4 2 -2
9 15
5 3 3
23 49
-3 4 1
3 31
2 -4 1
32 37
-1 -4 -2
23 28
0 5 -5
13 21
0 0 -1
26 47
-3 5 2
3 10
-3 2 1
17 39
3 2 -3
17 36
-1 -4 -4
19 45
1 -2 0
5 15
1 5 -2
17 22
-5 2 -2
2 9
5 3 3
19 26
3 2 -2
11 34
-5 2 5
6 8
0 1 -2
16 35
-3 -1 -1
6 35
3 -5 4
15 36
0 0 0
32 42
-3 3 -5
23 31
2 -1 3
26 33
-4 -1 3
25 40
-5 4 2
14 27
-3 1 -1
8 14
-1 1 -2
24 49
3 2 -3
20 41
1 -4 3
20 27
4 2 4
34 37
4 2 -5
8 45
4 -3 -4
39 41
2 1 -5
3 32
-2 4 1
3 5
5 1 -5
41 49
3 0 -3
14 15
2 3 2
11 37
-4 1 5
5 49
-2 3 5
1 30
-5 3 2
20 33
4 0 1
1 16
-1 3 3
13 34
4 -2 3
1 27
-3 3 4
21 48
2 4 3
12 23
5 -3 -5
28 42
-1 4 -4
25 30
5 5 2
26 32
1 1 0
32 38
-1 -1 -3
0 34
4 -2 -5
16 37
-2 4 3
33 47
4 0 -4
28 30
4 2 4
32 49
-2 5 4
33 37
4 -5 1
1 22
0 5 1
23 48
5 -4 3
28 48
-4 3 1
27 29
-5 -2 -5
11 36
0 -4 3
5 28
5 5 -2
17 43
4 -5 2
5 38
5 2 1
11 42
-1 3 3
13 49
-2 -4 -5
4 42
2 -1 -1
32 44
-1 2 1
6 44
-2 -2 -4
5 14
5 -2 2
36 49
4 4 5
19 33
1 0 -3
18 21
5 3 4
8 35
-1 -1 0
0 2
-5 5 -5
2 11
-4 0 1
16 49
-3 2 -2
32 33
-4 -5 -1
8 30
1 -5 5
38 41
2 -5 -3
15 30
-3 -2 3
10 28
4 0 -3
1 25
-3 -3 1
12 31
5 -3 4
2 35
5 -1 3
7 41
3 -3 4
11 15
-4 0 -4
23 41
-5 4 5
24 30
2 -4 -2
17 34
2 5 2
1 20
2 0 -2
39 40
2 -3 5
14 26
1 -5 1
15 19
1 -1 3
16 46
-2 1 -2
13 47
0 -3 -3
11 12
2 2 4
5 29
3 -2 5
10 17
0 -2 0
17 29
4 -5 -1
0 29
0 -2 -4
0 36
4 0 3
8 42
5 -2 -3
11 13
-5 2 0
2 40
-5 3 -1
4 24
2 1 5
10 23
-5 2 -5
31 40
4 -1 -5
26 46
-1 -3 0
8 40
-5 4 -3
8 49
-1 -5 1
35 39
-4 3 -4
25 39
0 4 -1
7 9
3 -3 -5
27 36
5 -4 -1
3 18
0 3 5
21 24
-2 3 5
4 6
-5 -2 1
34 41
2 5 3
18 48
1 -2 -5
21 31
-5 -1 -3
25 43
-3 0 3
26 34
-5 0 -1
24 44
-5 2 3
7 17
2 -1 1
29 45
1 3 4
2 33
4 3 3
45 47
-2 -1 -1
28 32
-4 5 0
6 27
0 2 -4
3 27
5 2 5
20 34
4 -5 -1
4 36
-1 5 0
11 21
-3 2 5
4 26
-3 0 1
15 49
-4 4 -2
16 31
-5 3 2
12 37
2 3 -3
29 32
-3 5 0
7 37
-1 -4 -5
6 40
2 -4 5
