50 245 
0 F -50 50
1 F -50 50
2 F -50 50
3 F -50 50
4 F -50 50
5 F -50 50
6 F -50 50
7 F -50 50
8 F -50 50
9 F -50 50
10 F -50 50
11 F -50 50
12 F -50 50
13 F -50 50
14 F -50 50
15 F -50 50
16 F -50 50
17 F -50 50
18 F -50 50
19 F -50 50
20 F -50 50
21 F -50 50
22 F -50 50
23 F -50 50
24 F -50 50
25 F -50 50
26 F -50 50
27 F -50 50
28 F -50 50
29 F -50 50
30 F -50 50
31 F -50 50
32 F -50 50
33 F -50 50
34 F -50 50
35 F -50 50
36 F -50 50
37 F -50 50
38 F -50 50
39 F -50 50
40 F -50 50
41 F -50 50
42 F -50 50
43 F -50 50
44 F -50 50
45 F -50 50
46 F -50 50
47 F -50 50
48 F -50 50
49 F -50 50
34 49
5 4 -2
17 35
3 -1 0
6 7
-4 1 2
29 49
3 -1 -3
3 47
0 5 0
11 17
2 0 -4
0 5
-4 -3 3
23 43
5 5 4
41 46
-4 5 1
9 45
5 -2 3
14 31
3 4 1
14 46
0 -5 2
4 30
4 2 -4
4 33
3 5 1
39 48
3 -2 3
5 39
3 -1 1
13 29
4 3 -1
25 48
3 -2 -4
16 34
-2 1 -3
23 46
5 5 3
33 43
-3 5 -4
11 47
5 3 -4
11 43
4 -3 4
5 27
-2 1 4
13 24
1 5 0
18 45
-1 1 5
9 22
-3 -4 5
14 25
2 -3 -1
20 22
-5 2 -4
7 15
-5 -2 0
16 22
0 -1 4
19 40
5 -5 -5
0 10
-3 1 1
23 49
-5 -4 -4
11 42
0 -2 4
15 25
5 1 1
32 43
2 4 0
8 27
4 5 5
5 44
0 4 0
26 31
4 -5 -1
20 40
-4 0 4
38 41
2 -2 3
1 46
-2 0 4
2 3
-1 0 5
21 23
4 3 1
22 28
-4 5 2
12 48
-1 3 0
8 37
4 4 -4
7 36
0 -5 5
7 14
-3 3 3
26 39
4 4 -1
9 19
5 3 -5
13 31
1 -3 2
10 36
5 0 2
6 15
-3 -5 2
37 39
-2 1 4
8 17
4 -4 0
42 47
-4 -2 1
6 38
-4 2 3
24 25
2 -4 -3
2 8
3 1 -5
27 39
-4 2 -4
3 35
4 0 2
40 41
0 5 -4
2 9
-1 4 -2
16 28
-5 -1 4
10 29
2 -1 3
32 37
3 -3 -5
13 21
0 0 2
29 47
-3 -5 -4
4 25
-3 2 5
44 47
-3 -3 -1
22 42
-1 -2 -4
15 31
4 4 2
8 48
2 3 1
4 27
-5 -2 -2
37 41
-1 -2 4
39 49
-1 -1 2
5 42
-2 0 4
39 41
2 2 -5
34 35
-4 2 -5
25 31
5 3 1
9 20
2 -1 -3
9 24
0 0 -2
12 44
2 4 -3
34 48
-3 2 1
2 12
1 -1 -5
20 37
5 -4 5
6 23
-4 -5 1
23 41
-2 -1 5
5 40
0 -4 5
27 33
-3 -3 5
46 48
1 -5 -4
22 44
0 0 2
22 26
-4 4 -2
31 34
0 2 4
35 41
-1 -4 1
22 29
-3 -3 -1
9 15
-5 3 -1
23 28
5 -5 3
0 4
4 1 -2
3 8
-2 -1 -5
21 27
-5 -2 0
1 26
0 -4 -1
3 43
-1 3 5
35 44
1 -4 -1
7 47
-3 -2 -5
21 25
-5 -2 -2
31 47
1 -4 2
9 31
-4 1 -5
8 46
-4 -1 -3
0 37
-3 3 -2
1 16
4 5 -3
12 29
0 5 2
18 24
2 0 4
0 27
-4 3 0
36 43
-4 4 2
9 21
4 -5 -1
25 42
-3 -1 -4
17 30
5 1 5
34 47
5 2 -2
2 25
-3 5 -5
39 44
2 -2 3
43 48
4 2 -3
4 26
5 2 -1
36 45
-5 3 3
33 47
3 2 -2
3 12
2 0 -4
30 40
-2 -2 0
14 21
-2 5 0
26 42
3 1 -2
10 14
1 5 0
4 43
-1 4 -4
13 14
3 -2 2
11 29
-4 -4 -3
18 22
-5 -5 1
0 40
4 -5 0
2 17
5 -1 -2
17 39
1 -1 0
6 25
-4 -5 1
20 49
-2 -2 -4
25 45
-4 4 4
3 34
4 -2 2
16 41
1 -5 0
10 18
-4 1 -3
2 29
3 0 -2
11 36
-4 -1 3
31 39
-2 -1 -3
10 20
4 1 -3
16 20
-5 1 4
7 25
3 -5 -2
10 19
-4 3 0
29 38
4 0 0
3 29
-2 4 4
20 29
0 -3 1
5 14
-5 -2 1
37 47
-2 2 1
28 29
3 -3 -5
20 47
4 -1 3
26 45
5 -4 5
14 22
-1 1 -3
34 44
-3 2 1
25 38
0 -3 -3
11 26
1 5 -4
27 34
-1 0 5
2 4
-5 0 -2
6 47
-3 -3 2
26 32
-4 -3 1
15 38
2 -3 4
15 39
-4 -4 0
6 9
2 4 3
22 47
3 2 5
19 44
-3 0 3
37 43
-2 -2 -1
1 43
4 0 -1
11 20
2 2 -4
25 49
4 -3 5
3 30
-3 -4 0
2 6
-3 -3 5
33 36
-3 4 0
13 38
0 0 4
34 38
-1 0 -1
21 29
-3 -3 1
11 13
4 -3 4
39 43
-4 5 2
8 44
4 0 -1
36 42
5 -1 -5
3 11
4 3 -4
11 34
0 -4 -5
23 37
4 5 -1
13 45
1 -4 -4
4 13
-5 -1 5
17 24
0 -4 4
33 44
-2 -1 3
28 39
3 -5 0
16 26
1 1 5
14 34
0 3 1
9 18
2 3 -2
21 31
5 -3 -4
15 16
-4 -4 -1
8 13
1 4 -1
24 33
3 -2 -1
32 39
-4 -2 2
12 31
3 -4 -4
10 26
-3 -5 -5
26 43
4 0 -1
2 26
-3 1 3
21 43
5 1 -2
18 19
3 1 1
5 7
4 1 0
45 49
0 4 5
17 45
5 0 0
13 36
-3 -3 -2
12 33
0 -5 3
2 47
2 -1 3
21 33
3 3 2
15 42
0 3 -3
11 27
1 -2 3
1 35
-2 -5 -1
4 17
-3 1 -4
6 30
-5 5 -3
27 48
-2 3 -1
9 39
3 -3 3
8 39
5 -1 4
14 16
1 3 3
23 29
-4 -2 -4
2 27
3 3 -1
12 27
-5 -2 -3
16 18
3 -2 1
8 30
-5 -2 -2
12 16
-4 1 2
20 28
1 1 2
8 49
1 -3 4
1 24
4 5 -2
8 35
5 -1 -4
1 11
5 -2 -1
13 26
-1 1 -1
6 27
-3 -1 -4
10 48
-2 4 4
24 26
0 3 4
15 18
1 -1 3
10 23
-4 -1 -5
12 20
-4 -2 0
10 38
3 -1 1
8 22
-4 -2 -1
