50 245 
0 F -50 50
1 F -50 50
2 F -50 50
3 F -50 50
4 F -50 50
5 F -50 50
6 F -50 50
7 F -50 50
8 F -50 50
9 F -50 50
10 F -50 50
11 F -50 50
12 F -50 50
13 F -50 50
14 F -50 50
15 F -50 50
16 F -50 50
17 F -50 50
18 F -50 50
19 F -50 50
20 F -50 50
21 F -50 50
22 F -50 50
23 F -50 50
24 F -50 50
25 F -50 50
26 F -50 50
27 F -50 50
28 F -50 50
29 F -50 50
30 F -50 50
31 F -50 50
32 F -50 50
33 F -50 50
34 F -50 50
35 F -50 50
36 F -50 50
37 F -50 50
38 F -50 50
39 F -50 50
40 F -50 50
41 F -50 50
42 F -50 50
43 F -50 50
44 F -50 50
45 F -50 50
46 F -50 50
47 F -50 50
48 F -50 50
49 F -50 50
22 25
1 5 -4
25 34
2 4 1
28 32
-2 -3 -3
3 40
-1 0 -4
3 8
-4 -2 -5
15 19
4 4 -1
19 29
-2 1 3
24 26
1 1 -1
8 23
1 -3 3
28 34
3 -3 -5
23 28
1 4 4
16 34
-3 -4 -4
12 22
4 2 2
7 17
-4 4 5
8 46
2 -5 -2
7 44
-2 1 -3
20 38
3 -5 -2
36 38
4 -1 -3
6 7
-5 3 -5
25 36
3 -3 2
13 38
-5 5 -5
40 47
-4 -1 0
10 42
0 -2 4
0 47
-5 -3 -2
2 34
4 -3 3
6 23
-4 -1 2
8 41
3 5 4
4 26
5 3 -1
24 41
-3 4 0
31 45
-5 3 0
6 37
-4 -2 -5
18 49
2 2 -5
17 48
-3 2 3
33 35
5 -4 -2
7 31
2 -5 -5
23 29
5 3 1
33 39
2 -1 -2
39 44
4 -4 5
2 10
5 5 1
1 6
-2 -4 1
4 43
1 0 -4
14 48
4 4 -2
9 37
3 -4 -3
13 49
1 -1 1
5 17
2 0 3
21 34
4 -4 -2
27 37
-1 5 -5
11 12
2 -5 -1
6 30
5 1 3
9 32
-1 -4 2
4 16
0 -5 5
26 48
1 -4 -3
2 28
3 -5 4
4 20
-4 -4 -3
28 40
5 3 -4
20 29
4 -5 3
9 19
-4 4 2
27 32
1 -3 -4
0 24
5 -5 0
10 16
0 -2 4
5 34
3 -2 -4
14 40
5 5 1
26 29
2 0 -2
34 49
-3 1 -1
6 36
5 -1 0
8 25
-1 2 3
22 31
-2 3 -1
25 27
-5 0 0
37 49
-4 4 5
8 12
-3 0 0
31 34
-4 4 1
15 43
4 1 1
17 21
2 -2 2
5 16
5 4 3
5 28
5 3 1
20 36
3 1 -5
2 6
2 -3 -2
1 4
-1 5 5
40 43
3 -1 4
14 28
0 -2 3
6 39
4 -3 1
19 33
1 3 3
9 17
-1 4 2
5 22
1 2 -5
1 31
-3 0 3
9 10
-1 5 0
35 41
0 3 4
19 21
1 3 5
26 46
0 2 -3
16 47
3 3 -4
11 22
5 -3 1
15 44
5 1 0
10 14
3 3 -5
27 48
2 0 4
31 41
-4 4 -3
10 29
-1 4 3
3 38
-4 4 -3
33 41
5 0 1
14 39
-4 -3 4
20 23
-2 2 -1
45 47
1 -5 0
11 16
2 -1 -5
20 44
5 -3 1
2 42
1 5 -5
10 31
5 -1 1
6 24
-3 2 -1
6 20
1 3 1
10 49
5 5 -1
7 20
-5 4 4
36 37
-5 5 5
0 7
-1 3 1
1 20
-5 -4 -3
40 45
5 -3 -2
38 49
1 3 4
1 10
5 0 -2
5 18
0 5 -2
15 29
0 -4 5
17 22
2 3 2
3 27
-3 -5 -2
11 44
5 3 1
26 32
5 3 0
33 44
-5 2 3
2 41
-1 -4 -1
15 24
-2 -1 4
13 39
-2 3 -2
1 2
2 2 2
11 17
2 2 1
24 35
-5 5 4
1 5
5 -2 -1
17 23
-5 -4 3
7 10
-3 -2 1
9 34
5 -1 0
23 39
1 1 3
8 39
-3 4 4
13 32
-3 4 1
1 33
5 2 0
12 35
5 3 -5
38 40
1 -2 2
1 12
-3 0 2
9 26
-4 -2 -5
19 27
3 5 5
25 40
2 1 3
20 24
-4 -2 2
31 44
-4 3 5
0 44
0 -4 0
17 28
-4 -4 -1
17 26
-5 4 -4
4 41
-4 -3 -3
17 44
1 3 1
13 42
0 1 4
4 32
-3 5 4
20 31
-4 -5 2
3 23
-3 4 0
1 48
1 2 2
1 18
3 0 -5
8 48
2 -2 3
22 33
-2 4 -5
18 23
1 -3 2
19 26
-3 5 -2
17 45
5 -4 3
5 49
1 -3 -3
16 33
3 2 3
17 47
-3 0 4
13 33
0 -1 -1
26 37
-3 5 -5
0 27
-5 -5 -1
0 48
1 0 0
9 43
4 -5 2
13 17
5 -3 2
22 46
-1 3 -2
13 24
2 -5 -3
3 49
-5 4 4
0 33
-1 5 3
9 33
-4 1 3
5 7
3 -3 -4
24 39
2 5 -2
9 18
0 2 0
13 46
-5 3 3
8 49
-1 3 1
37 40
-5 2 5
34 47
0 -1 1
18 44
1 3 -3
17 33
-4 3 4
0 45
2 4 -3
9 28
-1 -2 0
10 25
-5 2 -1
0 10
2 0 1
22 37
-4 4 -5
7 40
-2 3 2
24 44
-1 0 -5
10 26
-1 5 5
4 19
4 -5 5
24 33
5 -1 2
19 31
-3 -1 -4
2 11
-1 4 -1
8 20
3 -5 2
4 5
5 -4 2
6 34
5 4 -1
14 18
-2 -4 1
2 37
5 -5 1
3 7
1 4 -5
17 34
-2 5 -5
29 42
0 4 -5
3 25
5 -4 4
14 26
-4 -4 1
30 47
4 -1 4
7 15
5 -2 1
8 29
3 -1 2
0 3
5 5 -3
6 48
4 -1 -5
1 36
-3 -4 1
29 38
-3 -1 2
7 11
-1 0 3
31 48
3 4 -5
24 45
0 0 4
3 20
1 0 -5
27 38
1 3 -2
2 29
-5 -2 0
0 18
2 0 5
16 20
0 5 -1
1 25
2 5 4
10 30
-2 -3 1
0 39
2 -4 3
11 33
3 -2 -5
21 32
-4 -1 3
45 46
2 -3 -1
23 36
5 2 -4
11 28
4 1 4
4 25
-4 -4 2
10 46
-4 1 2
27 34
5 4 -3
19 23
0 3 -4
12 13
-5 -4 -2
35 47
5 5 -4
9 29
-2 1 -2
10 45
3 1 2
14 46
-3 -3 0
5 30
-3 2 0
36 46
-5 3 -5
26 34
0 -1 1
21 38
-1 -3 -1
10 47
-3 4 -1
9 46
-2 1 -3
35 44
1 5 -2
36 40
-4 4 1
