50 245 
0 F -50 50
1 F -50 50
2 F -50 50
3 F -50 50
4 F -50 50
5 F -50 50
6 F -50 50
7 F -50 50
8 F -50 50
9 F -50 50
10 F -50 50
11 F -50 50
12 F -50 50
13 F -50 50
14 F -50 50
15 F -50 50
16 F -50 50
17 F -50 50
18 F -50 50
19 F -50 50
20 F -50 50
21 F -50 50
22 F -50 50
23 F -50 50
24 F -50 50
25 F -50 50
26 F -50 50
27 F -50 50
28 F -50 50
29 F -50 50
30 F -50 50
31 F -50 50
32 F -50 50
33 F -50 50
34 F -50 50
35 F -50 50
36 F -50 50
37 F -50 50
38 F -50 50
39 F -50 50
40 F -50 50
41 F -50 50
42 F -50 50
43 F -50 50
44 F -50 50
45 F -50 50
46 F -50 50
47 F -50 50
48 F -50 50
49 F -50 50
0 41
-3 -2 -5
17 35
-1 -3 5
10 21
0 -5 4
38 48
-3 -5 0
14 36
1 2 -2
3 43
4 4 2
19 29
1 -1 4
4 26
0 -3 -5
4 19
-4 4 2
20 26
-4 2 0
0 29
-5 0 1
7 24
0 -2 3
16 24
0 1 -4
28 42
0 2 3
11 36
0 3 5
9 38
1 3 3
30 45
0 -3 4
3 36
3 3 0
2 32
-3 -4 2
17 25
-2 0 2
27 43
-3 -2 3
0 22
-2 -1 0
32 49
2 3 -3
17 41
-3 2 4
9 10
-1 -4 1
45 46
3 0 4
16 32
-4 3 0
23 29
-5 4 -2
5 24
-1 -3 0
33 37
-5 1 3
33 35
1 3 3
6 31
0 -1 -2
18 33
-5 2 5
6 39
5 5 -3
28 30
-1 -3 1
3 9
-5 -4 1
1 20
-2 0 4
5 45
4 -3 4
40 44
-4 2 5
23 45
-5 -2 4
34 42
2 4 5
21 30
-4 -2 -1
2 40
-5 -2 -5
4 8
2 2 -1
28 47
-1 -2 2
13 39
0 -5 -4
6 46
-5 3 -3
15 38
5 1 -3
12 25
-3 4 0
2 26
-2 -4 4
10 16
4 0 -1
37 48
2 0 1
25 27
1 -1 3
11 34
0 1 3
5 6
1 4 -3
36 41
4 4 4
0 30
4 -5 0
29 36
5 -5 5
18 26
1 -1 -1
13 21
3 -1 0
3 7
-4 3 2
21 26
-4 2 4
21 31
0 5 2
24 29
-4 2 2
0 4
3 3 4
4 12
1 2 -4
46 48
-4 -1 5
35 49
4 3 1
16 27
-1 1 4
1 14
-4 3 -3
2 36
-3 5 -5
13 36
-2 -3 -3
11 45
5 -5 -1
32 33
3 1 3
1 22
1 -4 -5
2 24
-2 2 -4
14 48
-1 -5 -4
28 31
-4 5 4
32 47
-3 1 -5
31 33
5 -5 5
11 26
1 4 -3
0 3
5 5 -5
11 42
-1 -1 3
7 27
-4 -3 0
29 41
0 -3 4
11 46
1 -5 1
8 49
5 -5 1
12 22
-4 4 3
15 48
4 -3 4
30 42
-2 3 -1
28 35
5 -4 -3
40 46
5 -2 5
16 22
-4 3 1
4 38
1 -5 -3
20 31
-1 3 3
3 8
-2 -4 0
22 29
1 0 -2
5 33
-2 -1 3
18 39
0 1 3
37 46
1 2 0
6 35
4 2 -5
13 29
2 -4 5
7 26
-3 0 -2
11 32
-5 4 2
1 4
4 -1 5
12 15
-4 -2 0
6 47
-5 -1 5
32 37
5 -4 0
35 40
1 1 4
2 25
-2 -4 1
6 27
4 5 -1
11 48
3 -2 -1
0 27
-3 -3 1
18 35
-3 -2 5
31 42
-5 0 1
5 39
-3 -2 5
13 49
0 1 3
2 6
-4 4 -2
6 10
0 1 -4
24 44
2 -5 -2
23 44
5 -1 -5
32 43
-2 -2 4
3 4
-2 1 0
18 38
1 -3 1
12 48
1 -5 1
16 47
-4 -2 1
31 48
5 4 -5
10 26
-3 -5 5
10 31
1 0 -1
4 9
-2 -5 2
38 49
1 -2 -1
26 41
-1 -3 -4
6 34
5 0 3
25 46
3 1 -2
30 47
-3 -2 4
19 34
-5 5 -5
7 36
0 3 4
5 7
4 -5 -1
19 46
-2 -4 -2
21 35
-4 0 1
3 32
-2 1 -3
23 49
-3 -4 2
5 11
-3 2 3
27 49
4 5 4
27 29
-5 -5 4
2 43
-2 1 0
13 43
-4 -2 3
0 25
3 -3 -4
14 44
0 5 0
26 35
-2 -1 2
34 49
-1 -2 -5
34 36
-5 5 -2
12 31
2 0 -2
43 49
-5 -2 0
15 20
3 -2 -4
17 22
-5 0 -5
18 27
3 -4 -3
16 39
0 -2 5
0 32
-4 1 3
30 34
-2 5 3
13 26
2 3 3
4 18
5 5 4
14 25
5 3 -4
13 42
-1 2 -3
8 34
3 1 -3
4 29
4 -3 -1
14 47
3 0 5
13 37
-1 -5 5
4 24
1 -2 3
29 40
-4 -4 3
7 20
3 4 -5
22 25
0 3 -4
15 44
4 -4 -3
5 27
-1 4 4
4 7
1 -1 0
4 42
1 0 -1
28 44
-2 1 -2
4 16
-5 -1 4
10 12
2 -4 2
24 37
-1 5 5
16 29
-4 -5 1
24 49
-5 0 5
35 41
-3 4 4
35 44
3 1 -5
14 21
5 1 -5
2 4
3 -3 -5
5 23
-5 -4 0
26 40
-3 2 -5
12 45
0 5 -3
23 33
0 -2 -1
27 41
4 2 -4
4 36
0 0 -5
19 41
5 0 1
19 31
-5 -1 -5
7 43
0 0 -1
13 32
-1 5 -1
30 33
-3 2 5
21 34
3 0 -4
22 43
2 1 5
12 16
-3 -1 -2
34 40
5 0 -2
27 38
4 2 -5
1 29
-5 -3 -4
1 47
-5 -1 -5
15 33
5 -2 -3
7 15
-2 4 4
21 23
3 5 3
31 36
-1 -5 0
23 32
-4 4 3
6 22
1 -3 4
8 44
0 -5 -5
41 46
2 -5 5
2 3
-5 -3 -1
1 3
-2 -3 -3
12 19
-3 -5 -2
7 49
-1 -5 1
15 24
-4 -1 -5
20 24
1 0 0
11 13
2 -3 0
27 47
-5 -4 2
39 48
3 -5 0
23 36
2 -3 5
9 28
1 4 -4
1 31
-3 -5 3
0 13
-1 5 5
39 42
5 1 -3
23 30
-2 -4 -5
31 38
2 -2 3
19 33
3 5 -5
4 39
-4 -1 2
6 42
5 5 -4
7 47
-5 3 2
36 45
2 -2 2
22 31
-1 -2 0
40 45
0 -2 1
30 39
-3 2 1
25 40
0 5 -2
3 12
0 2 4
8 22
0 4 5
20 30
1 0 -2
43 46
5 5 5
20 42
4 -5 2
19 32
4 -3 -3
36 38
3 5 -1
12 14
1 -3 4
