50 245 
0 F -50 50
1 F -50 50
2 F -50 50
3 F -50 50
4 F -50 50
5 F -50 50
6 F -50 50
7 F -50 50
8 F -50 50
9 F -50 50
10 F -50 50
11 F -50 50
12 F -50 50
13 F -50 50
14 F -50 50
15 F -50 50
16 F -50 50
17 F -50 50
18 F -50 50
19 F -50 50
20 F -50 50
21 F -50 50
22 F -50 50
23 F -50 50
24 F -50 50
25 F -50 50
26 F -50 50
27 F -50 50
28 F -50 50
29 F -50 50
30 F -50 50
31 F -50 50
32 F -50 50
33 F -50 50
34 F -50 50
35 F -50 50
36 F -50 50
37 F -50 50
38 F -50 50
39 F -50 50
40 F -50 50
41 F -50 50
42 F -50 50
43 F -50 50
44 F -50 50
45 F -50 50
46 F -50 50
47 F -50 50
48 F -50 50
49 F -50 50
11 18
-5 -4 2
0 19
4 -3 5
10 44
5 0 -4
4 34
-3 -2 2
39 47
5 4 -5
38 41
4 -5 2
1 29
-4 0 0
12 27
-3 4 1
26 36
1 -5 -4
17 42
2 1 -2
6 30
1 4 -4
27 30
-3 1 3
15 17
0 -2 -5
31 39
-4 -5 -3
5 19
-2 -5 -1
7 10
-2 -5 -4
30 49
0 -4 5
10 26
-4 -3 -1
24 35
0 2 0
9 41
-4 0 -3
6 46
-5 3 4
22 35
-2 4 1
4 42
2 -4 -5
29 41
4 -1 4
36 48
-5 -5 2
11 44
-4 -1 2
2 31
1 -2 3
14 16
1 -1 -5
7 39
5 0 0
15 28
-3 3 -3
5 49
-5 1 4
7 43
-3 -2 2
22 47
-4 0 2
24 40
2 3 3
3 40
-1 2 -5
32 39
0 -2 5
14 35
-5 1 -5
1 23
3 5 -5
6 16
-4 -1 3
18 25
5 0 4
41 49
1 1 5
33 37
1 3 3
20 25
-1 3 2
15 40
0 0 0
8 17
5 -2 -5
21 24
3 -4 3
24 45
-4 -2 -2
37 43
5 2 0
8 13
2 3 2
5 18
-3 1 -4
15 27
-1 3 2
23 42
-1 -1 -2
23 40
4 -5 4
25 32
-1 -1 5
0 37
2 4 -2
18 32
4 -4 -4
27 39
3 -2 2
8 22
-3 -3 4
4 29
-5 0 1
19 21
-2 -3 4
32 47
-5 1 3
7 38
1 1 0
20 28
-2 -3 -5
22 42
-2 -5 -1
16 27
5 -5 5
0 20
-1 1 3
5 34
1 -4 2
2 49
-2 5 -2
12 47
2 4 5
25 35
5 2 0
1 33
-4 -3 -2
27 45
-2 -1 3
8 9
-1 -5 4
3 30
4 -5 1
16 26
-5 -5 -4
21 45
2 0 1
15 22
-1 -2 -3
6 37
2 -1 -2
17 27
-3 -1 0
14 15
-1 3 -1
21 39
5 -2 2
40 44
0 3 -3
13 37
5 -5 5
38 48
-2 -5 2
32 49
1 0 -3
18 31
-4 1 -3
16 34
-4 -4 1
7 41
-5 -3 2
20 39
2 -4 -1
8 49
-3 -4 -4
0 23
-1 -2 0
0 30
3 2 5
15 31
0 0 2
31 41
5 0 0
1 21
-4 -2 -4
33 39
5 5 -4
15 45
4 4 0
7 14
0 -1 5
28 30
3 4 2
0 29
-1 -3 4
11 21
2 -5 -5
1 15
4 -2 -2
7 28
2 3 3
11 43
0 -1 -2
26 47
3 3 -2
33 36
3 -3 5
7 44
1 -3 5
19 27
-2 -3 2
37 38
0 5 4
33 34
5 -1 -3
8 42
2 2 4
8 14
-2 1 4
3 21
-3 1 4
36 47
3 -1 0
0 32
2 1 -3
44 47
5 3 -5
10 40
1 -4 -3
6 23
1 -4 2
10 35
2 -4 -1
9 19
2 -1 5
25 33
-3 -1 5
20 35
5 -4 -4
1 40
0 1 2
33 43
4 2 -5
1 30
5 -4 -1
8 38
0 -2 -1
2 40
4 -1 3
44 45
-1 -2 -5
40 42
-3 -3 5
20 33
4 -2 -5
10 22
-1 -3 -3
7 35
-1 -4 -1
13 18
1 -3 4
25 48
-3 3 4
7 12
3 -3 1
23 29
4 -1 5
33 42
4 0 -4
16 32
-1 3 -3
14 43
-4 2 2
10 47
-1 2 2
36 38
3 4 2
1 14
-5 -3 3
16 29
-2 4 5
12 44
4 -2 3
18 28
-5 -1 2
26 39
2 1 -4
3 39
4 -1 4
31 36
-2 -1 -5
10 42
2 2 2
23 45
2 0 3
3 17
-2 2 4
19 40
-3 3 1
10 17
-3 3 4
17 38
-5 -1 -3
15 33
-5 1 -5
6 31
2 5 2
7 48
-2 -1 2
27 46
-4 3 -4
9 39
1 2 -5
34 35
-2 -4 -1
12 48
4 -3 3
13 30
-3 5 3
16 28
-4 -3 0
24 33
1 -4 0
31 33
2 2 -1
4 41
2 1 2
4 21
0 -2 2
14 20
5 -4 3
8 29
-4 4 3
20 26
0 -2 -2
15 44
3 -2 -2
30 48
0 0 4
14 31
-4 5 -3
20 32
-1 -1 -2
7 34
-5 1 2
1 34
5 5 2
5 13
0 0 -3
22 34
-3 2 -4
34 39
4 4 -2
23 39
-4 5 3
2 43
2 2 2
6 27
-5 2 5
16 44
3 4 4
28 38
4 -2 5
1 24
2 1 5
26 43
3 5 0
13 15
-2 -5 -4
28 45
-4 -5 1
28 43
5 4 2
26 33
0 -4 0
3 24
4 -5 -2
14 33
4 -2 -2
35 44
4 -3 -3
9 47
2 -4 4
0 14
-1 -3 -1
13 32
-5 -5 -5
15 46
5 -5 0
29 49
3 5 1
12 31
-4 5 2
33 41
0 -2 1
13 36
-5 5 -4
37 44
1 1 2
29 40
-2 -2 5
4 44
5 -1 5
10 14
1 4 -1
35 42
-3 4 4
10 34
2 2 -1
32 38
0 3 -5
15 18
-2 5 -2
11 34
5 3 2
7 15
-4 -4 -4
28 42
2 -5 -1
42 46
1 -5 5
18 41
-1 2 4
8 40
-4 3 5
1 6
0 -4 -1
12 46
-2 -3 4
6 21
1 -1 0
26 37
3 0 3
22 43
-4 3 3
12 19
1 -2 4
7 36
-3 -3 -4
23 38
0 -5 4
15 47
-1 -4 -3
22 38
1 5 0
4 15
-1 -1 -4
17 18
-1 0 -3
29 38
-4 1 5
29 43
-1 -4 0
42 47
-5 -2 1
4 7
-5 -4 3
39 49
0 -2 5
21 42
-4 -5 -1
14 48
-4 5 0
14 17
-3 1 -5
7 49
5 -5 -2
11 40
-5 4 2
6 12
3 3 -5
22 29
-5 -4 0
0 31
5 5 2
13 39
4 0 -1
19 28
4 5 4
18 24
5 5 4
28 29
-3 0 -4
7 32
1 0 -4
