50 245 
0 F -50 50
1 F -50 50
2 F -50 50
3 F -50 50
4 F -50 50
5 F -50 50
6 F -50 50
7 F -50 50
8 F -50 50
9 F -50 50
10 F -50 50
11 F -50 50
12 F -50 50
13 F -50 50
14 F -50 50
15 F -50 50
16 F -50 50
17 F -50 50
18 F -50 50
19 F -50 50
20 F -50 50
21 F -50 50
22 F -50 50
23 F -50 50
24 F -50 50
25 F -50 50
26 F -50 50
27 F -50 50
28 F -50 50
29 F -50 50
30 F -50 50
31 F -50 50
32 F -50 50
33 F -50 50
34 F -50 50
35 F -50 50
36 F -50 50
37 F -50 50
38 F -50 50
39 F -50 50
40 F -50 50
41 F -50 50
42 F -50 50
43 F -50 50
44 F -50 50
45 F -50 50
46 F -50 50
47 F -50 50
48 F -50 50
49 F -50 50
6 39
-3 -2 3
6 32
-2 -2 1
2 13
3 -4 0
23 42
3 -3 -3
18 33
-2 -3 1
31 44
-2 1 0
4 35
-4 -3 -1
24 46
1 -2 3
42 49
-2 -4 -4
7 26
5 4 -4
15 45
3 0 5
15 49
-3 1 5
32 45
0 -3 -3
43 46
3 2 0
28 45
-1 0 -5
4 43
-2 5 0
7 28
1 -3 -4
10 40
-2 1 0
22 33
3 -4 4
33 47
2 -5 2
15 21
3 4 -2
34 48
4 1 -3
7 44
-1 -5 2
11 32
-5 -3 5
29 44
4 -5 -2
19 31
-2 2 2
27 45
-3 4 -4
14 34
5 -4 3
16 22
3 5 4
47 48
5 -2 3
9 31
3 -5 3
12 29
0 -1 -3
21 47
-2 -3 -5
2 15
5 -4 4
0 34
2 -4 -1
2 37
5 5 3
20 24
-1 1 -4
8 13
-2 5 5
31 36
-5 -5 3
24 34
2 -4 -2
15 40
2 -4 3
1 44
2 -1 0
29 41
2 -2 -2
29 38
-5 -1 4
6 25
3 3 2
9 17
-5 2 -2
5 32
-1 -3 -1
14 30
4 -3 0
3 32
-2 -2 0
26 33
-3 5 -1
14 22
-4 1 1
23 34
-3 -4 -2
21 40
-2 -2 1
5 44
-4 -3 -3
15 34
-4 -5 -2
15 41
3 1 3
11 25
-4 1 -2
11 16
-3 4 -2
3 21
-1 2 -1
4 49
0 0 -2
29 39
3 4 0
33 45
5 -2 -1
19 46
-2 4 1
12 28
-2 0 1
1 29
-4 5 5
11 12
2 1 5
13 25
-3 5 0
28 49
1 2 -2
13 33
-4 -3 5
2 10
-3 2 5
5 23
1 2 -5
16 49
1 -2 0
7 48
5 0 0
23 40
5 3 -4
6 27
-3 2 -1
9 13
2 4 -3
13 22
4 -3 -4
42 45
3 -5 3
2 43
-4 -5 2
23 38
0 0 -2
4 47
2 1 5
30 46
1 2 -1
0 15
2 4 4
3 19
4 -2 5
8 14
-3 1 -5
2 14
-4 -1 -2
3 8
3 -5 -5
26 46
4 -3 -5
12 40
2 -5 3
32 44
4 0 2
12 36
-1 5 1
5 19
-1 -2 -1
10 14
5 -2 -2
30 44
0 -4 3
20 26
0 0 -5
28 39
3 1 -4
4 19
-5 -2 -4
29 42
-2 -2 3
30 43
2 1 1
38 43
1 -5 -5
9 22
0 -1 4
20 29
2 0 -4
14 17
5 -2 -3
25 26
-1 0 0
3 4
-2 5 5
3 11
-5 -5 -3
16 35
-5 3 -5
28 41
4 3 0
1 48
-4 4 4
17 48
-2 -1 -1
19 41
-4 -2 0
12 25
5 2 -3
5 28
-4 0 1
39 41
3 0 0
14 44
-2 5 -1
30 42
-5 0 -1
10 19
-4 2 4
31 48
2 1 -3
16 41
2 0 -3
26 41
0 -2 4
26 36
-3 -2 -2
41 46
4 -2 0
8 49
-4 3 0
3 30
-2 -4 4
7 27
2 -2 -2
8 26
4 4 0
16 24
1 -4 4
31 35
-3 1 -3
5 40
-1 -2 -3
5 25
1 4 4
1 43
0 -5 1
20 39
-4 5 0
12 38
2 5 1
38 44
-5 0 4
9 38
3 -3 -2
19 22
4 -4 -5
36 44
2 5 -1
20 38
2 5 -5
3 25
-4 2 3
26 40
2 5 3
15 48
-4 2 5
4 20
-2 5 4
36 39
2 5 -1
29 48
0 -5 -1
9 12
1 -5 4
21 34
-4 0 5
24 25
-3 -1 5
20 47
0 -2 5
0 19
2 3 1
26 37
4 2 -3
36 46
-4 0 4
10 16
5 1 0
3 12
5 5 -2
3 9
2 -4 -5
7 9
-3 1 4
24 33
4 2 5
45 46
3 -3 -2
21 49
2 0 2
0 35
1 2 2
12 23
4 -4 0
18 27
-2 2 4
1 21
5 5 -3
20 32
4 2 0
9 20
5 5 0
21 31
-3 0 3
34 47
5 4 5
15 32
-5 -2 -5
45 48
-4 3 5
11 48
-4 4 -3
0 7
2 3 2
8 41
-2 0 0
14 28
-4 -1 -4
1 27
2 -5 4
11 21
-2 -5 -4
42 47
4 -5 5
40 49
-3 -5 -2
13 24
2 -3 -5
9 43
-3 -5 3
6 28
-1 -5 0
30 34
2 0 2
25 37
-4 -5 -2
11 39
-1 5 -5
9 10
-1 1 -3
4 13
3 1 4
26 28
1 -3 5
1 14
-1 5 3
17 36
0 5 1
30 45
1 5 -4
37 48
-1 1 0
36 41
-2 1 4
7 32
1 3 1
35 43
3 1 3
39 48
3 -3 -2
30 41
-2 -5 4
16 33
1 2 -4
30 39
-5 0 -4
2 30
-1 2 -3
11 26
-3 5 2
22 39
1 -5 4
16 37
-5 5 5
7 38
3 -3 -3
19 26
-2 3 3
27 49
2 3 0
23 30
-5 -1 -3
29 30
-4 1 0
7 14
-3 -1 -4
17 21
3 -2 -3
14 15
3 -1 4
12 27
0 -5 3
8 48
-5 -2 -2
11 49
4 -4 3
40 41
0 2 0
7 18
5 1 -3
33 46
5 -2 -1
20 23
-2 0 1
8 21
4 5 0
24 49
2 4 3
0 1
1 -3 -1
30 38
0 5 2
21 39
3 4 -2
4 23
5 3 3
21 41
-2 -2 -4
8 9
-5 -4 5
24 35
-5 4 4
18 29
-5 -3 2
5 8
-3 1 -4
4 6
-2 -4 -3
23 35
-2 -5 0
34 49
0 4 5
31 34
0 3 4
26 27
-2 -2 5
21 26
-2 0 -3
39 46
0 -5 1
29 47
-5 4 -3
26 38
1 2 3
10 45
-3 0 -2
23 31
-1 2 -2
19 34
1 2 4
28 48
4 5 -1
35 47
-5 -4 -4
7 17
5 -1 -5
9 47
4 4 4
4 29
-1 -2 -3
10 31
1 3 -2
3 28
-2 1 5
