50 245 
0 F -50 50
1 F -50 50
2 F -50 50
3 F -50 50
4 F -50 50
5 F -50 50
6 F -50 50
7 F -50 50
8 F -50 50
9 F -50 50
10 F -50 50
11 F -50 50
12 F -50 50
13 F -50 50
14 F -50 50
15 F -50 50
16 F -50 50
17 F -50 50
18 F -50 50
19 F -50 50
20 F -50 50
21 F -50 50
22 F -50 50
23 F -50 50
24 F -50 50
25 F -50 50
26 F -50 50
27 F -50 50
28 F -50 50
29 F -50 50
30 F -50 50
31 F -50 50
32 F -50 50
33 F -50 50
34 F -50 50
35 F -50 50
36 F -50 50
37 F -50 50
38 F -50 50
39 F -50 50
40 F -50 50
41 F -50 50
42 F -50 50
43 F -50 50
44 F -50 50
45 F -50 50
46 F -50 50
47 F -50 50
48 F -50 50
49 F -50 50
19 42
3 -1 -1
1 35
3 0 -5
39 40
-4 3 -5
10 15
-3 1 -1
21 24
2 -5 -4
29 33
-5 -4 -3
11 42
5 0 0
22 29
-3 -4 -5
27 37
-5 -5 1
0 1
4 -1 3
11 48
-4 -4 0
17 21
-1 -3 3
12 13
0 -3 -4
26 39
4 4 -1
1 27
5 1 0
18 26
-4 1 -1
28 36
-2 -1 3
26 29
-2 -1 3
38 39
0 -2 1
12 41
-2 4 -3
1 10
1 4 3
25 35
-2 -3 1
17 27
-2 5 -4
38 46
1 2 -1
2 7
-4 2 1
8 42
2 5 3
23 38
-3 4 -5
4 48
4 -2 -5
5 30
-5 2 4
3 26
1 2 4
29 45
5 -5 5
4 12
-4 -3 3
20 36
-2 4 4
6 33
-4 -5 2
0 19
4 4 3
17 29
3 -1 3
20 38
5 -5 0
11 30
0 5 3
29 34
-1 -4 -1
16 41
1 -5 5
2 35
-4 5 5
6 9
2 3 5
28 47
5 -4 2
22 44
-5 -4 -3
16 49
-4 -4 1
14 30
-3 4 -2
13 43
5 -4 1
13 31
-3 5 -3
32 39
0 -3 5
39 42
-3 -3 5
10 19
-5 2 -2
19 35
5 4 -5
27 42
1 3 -4
40 41
2 0 5
47 49
-1 3 3
0 46
-4 -3 -2
3 27
-5 4 -5
15 31
0 4 5
17 26
-4 -5 -4
4 24
-2 -3 5
11 37
-2 0 -1
9 12
-3 3 -3
7 19
3 4 -4
5 38
-2 3 5
32 34
-3 -3 4
2 10
-3 5 3
36 38
0 5 -3
20 43
3 4 -1
15 49
1 2 -2
18 30
3 -4 3
2 29
3 4 -2
0 5
4 4 2
27 35
3 -4 1
33 43
5 2 0
21 43
5 4 3
32 35
3 0 0
12 36
-5 -2 -1
16 22
2 -2 0
40 47
-5 1 -5
8 33
5 -5 5
11 32
0 3 3
13 42
4 5 0
9 21
1 0 3
21 37
-2 1 -1
15 30
4 1 -4
13 20
3 -2 -3
16 18
-4 -2 -4
4 33
-5 5 0
8 19
5 -2 0
6 21
0 3 0
1 8
-2 -3 0
23 35
-1 -5 1
12 26
-2 2 0
11 41
-2 4 0
28 34
5 0 -1
16 30
1 -1 2
8 23
-1 -5 1
29 49
0 -3 5
24 49
-1 3 0
39 45
5 3 1
18 38
4 -3 -4
3 30
1 0 3
25 44
-1 -2 2
21 46
-5 -2 1
24 43
-5 3 -5
5 15
-1 5 -5
14 16
3 -3 -5
14 21
-3 -1 -3
19 39
-3 4 3
42 49
4 4 2
7 17
-4 4 0
18 41
-5 -4 1
24 29
2 -1 -3
6 43
5 0 5
17 32
4 1 -2
7 33
-2 -3 -5
17 28
-4 2 -1
15 27
3 0 -5
21 38
3 4 4
2 44
2 2 1
1 43
5 2 3
22 41
5 2 -2
2 31
-5 1 3
1 22
-1 3 -4
34 42
-2 -3 0
18 40
-4 3 2
21 23
1 -4 2
18 25
2 -5 2
5 34
3 -1 4
12 43
0 3 -4
25 29
1 5 -3
7 22
-1 0 1
13 37
0 -1 -4
11 25
-2 2 -1
37 43
-2 -1 1
23 49
4 0 -3
27 47
-3 3 -4
24 37
2 -2 -5
20 21
0 4 5
16 38
-5 0 -3
1 5
4 0 2
15 19
-2 5 -5
9 23
1 5 -1
23 41
4 2 3
22 26
-5 1 0
19 44
4 -1 4
27 45
1 3 1
31 39
1 -5 -3
0 7
2 -1 3
12 21
-2 -3 -5
14 32
-4 -4 -5
17 23
4 1 -3
1 38
3 1 -2
0 41
-3 1 3
5 41
1 3 0
4 10
-2 -2 0
26 38
4 -2 3
13 29
1 -2 2
5 8
3 -4 -5
0 16
-5 -2 3
19 45
-4 -3 -1
5 29
-4 -3 5
0 22
-5 5 5
8 38
-1 1 -3
3 46
-3 4 2
7 40
-4 0 -2
17 36
2 -2 -1
7 49
-4 2 4
29 37
1 1 -5
6 12
1 -1 5
1 14
-3 3 -1
6 40
0 1 3
36 43
-5 -4 3
37 45
5 -2 5
3 5
-3 1 -1
13 46
1 3 2
8 43
-1 -4 5
15 44
4 5 -1
29 36
0 -4 3
22 25
4 1 4
0 45
-5 3 -5
37 40
4 0 4
34 48
-1 -4 -3
5 47
-4 4 4
25 30
-4 3 2
6 14
-5 -1 0
12 20
-1 -3 3
2 37
4 4 2
8 20
-4 -3 3
7 30
-1 1 -4
34 47
3 -4 -5
18 31
5 -3 -2
22 31
-4 2 3
31 42
-3 3 4
30 38
5 2 -2
14 25
1 0 -4
20 40
4 0 -4
21 26
0 5 4
16 36
0 4 -2
11 14
-5 -3 1
9 48
-1 -5 4
19 32
-1 3 1
10 44
5 3 5
43 44
-3 -5 -2
11 39
0 -2 -2
7 27
-4 -5 -5
4 18
3 4 0
21 31
-1 -2 -4
2 9
5 0 -1
20 45
4 1 3
19 31
-2 -1 0
39 43
3 1 3
13 16
4 -2 2
9 40
-3 1 -5
13 30
-2 1 0
3 28
1 -3 -2
7 34
-3 -3 -3
8 49
0 -3 4
3 33
2 4 1
2 14
-1 4 -3
21 39
0 -2 2
10 41
-5 -3 0
17 25
-3 -2 4
11 22
-3 5 0
36 40
3 3 4
20 22
2 -4 -3
16 28
1 5 2
9 15
1 -5 1
17 20
-1 5 1
2 47
-2 -4 4
22 24
4 1 5
18 45
1 -3 3
27 49
3 1 -4
9 42
-1 -1 -5
29 47
-3 1 -2
35 47
3 3 1
11 20
4 -2 -3
15 21
-1 -4 -2
0 23
4 1 5
21 34
-4 2 -4
5 37
1 5 4
0 10
-2 4 4
46 48
-1 5 2
9 22
-1 3 -1
4 19
-4 1 -5
