50 245 
0 F -50 50
1 F -50 50
2 F -50 50
3 F -50 50
4 F -50 50
5 F -50 50
6 F -50 50
7 F -50 50
8 F -50 50
9 F -50 50
10 F -50 50
11 F -50 50
12 F -50 50
13 F -50 50
14 F -50 50
15 F -50 50
16 F -50 50
17 F -50 50
18 F -50 50
19 F -50 50
20 F -50 50
21 F -50 50
22 F -50 50
23 F -50 50
24 F -50 50
25 F -50 50
26 F -50 50
27 F -50 50
28 F -50 50
29 F -50 50
30 F -50 50
31 F -50 50
32 F -50 50
33 F -50 50
34 F -50 50
35 F -50 50
36 F -50 50
37 F -50 50
38 F -50 50
39 F -50 50
40 F -50 50
41 F -50 50
42 F -50 50
43 F -50 50
44 F -50 50
45 F -50 50
46 F -50 50
47 F -50 50
48 F -50 50
49 F -50 50
17 37
4 3 3
17 21
-5 3 -3
11 40
-2 0 0
29 43
-2 -3 3
11 30
3 -2 -4
12 29
3 4 2
34 49
2 -3 2
12 49
5 -5 -2
0 33
-5 -1 -4
12 13
-3 4 2
3 15
1 -4 -3
34 44
3 -2 4
17 38
-1 -2 -1
7 49
-5 -3 3
12 21
-2 -2 -2
33 35
-1 -3 5
6 25
5 -2 0
12 40
1 -4 1
22 31
-4 -5 5
1 41
1 -3 3
15 47
-1 -1 3
0 39
-5 -2 -2
4 24
0 -5 5
12 47
-2 -5 0
16 18
3 3 3
20 28
-1 -5 5
2 28
2 2 2
9 39
1 -4 2
9 44
3 1 5
32 34
4 0 4
25 30
0 -1 3
4 25
1 4 1
7 41
-2 -4 2
10 15
-4 0 3
17 46
-3 0 -4
15 45
-2 -5 2
4 5
4 0 -3
26 34
1 5 -2
14 18
0 -3 3
8 33
-3 2 2
13 18
5 5 2
5 23
-2 -3 4
20 26
3 0 2
34 36
-3 -4 -3
3 31
3 -1 0
22 27
-2 5 5
19 37
1 2 4
14 48
5 -4 1
2 42
5 -3 4
1 16
-5 2 1
19 22
2 2 0
29 48
-1 4 2
1 14
-1 -5 4
2 33
0 3 -3
30 39
1 0 1
5 12
-5 -3 3
1 25
-2 -4 3
17 43
5 4 4
1 5
-5 4 -3
25 28
0 0 5
3 25
1 1 5
4 39
3 4 -3
29 47
-1 0 5
15 46
0 -1 3
18 31
4 -1 -1
13 35
0 4 -5
38 44
-5 -5 -2
7 36
-2 0 0
19 49
1 -2 -4
16 21
1 5 -5
2 26
-4 -5 1
2 16
-2 1 4
15 38
5 -5 5
4 15
-1 4 -1
1 27
2 -4 -1
46 47
2 -4 2
19 30
-5 2 1
0 43
-5 5 -1
8 36
-3 -4 -5
0 8
1 -4 0
6 33
1 5 -3
16 34
4 -2 5
2 36
5 5 -1
8 27
-5 -2 1
23 40
-1 -4 3
4 30
4 -4 5
4 41
-3 4 2
35 44
1 1 1
11 47
0 -1 -3
32 36
4 5 -4
13 41
2 -2 -2
17 18
-3 -2 1
9 28
-5 5 -1
7 30
2 -1 1
6 44
-4 2 -3
39 41
-1 0 1
16 45
3 2 -4
5 45
-2 -5 2
38 42
3 -5 0
9 13
-3 -5 1
14 36
-2 5 1
17 45
1 2 1
31 46
0 3 -2
27 42
4 -5 -5
44 46
-1 1 5
18 22
4 1 3
38 45
-4 1 -3
3 35
-1 3 5
19 21
0 -4 2
16 31
-3 0 -4
32 48
5 -2 3
20 36
4 1 -5
12 45
0 -1 4
29 33
2 -4 3
8 22
5 2 4
6 29
-4 -3 -5
26 46
-4 -4 -4
4 20
0 -3 -1
25 31
4 4 -5
12 35
-1 1 -4
1 31
-5 4 5
18 49
2 -1 -5
44 48
-2 3 0
16 28
0 -2 1
3 39
5 -2 4
25 33
3 -4 -5
3 7
5 4 2
18 26
3 3 5
7 25
5 -3 4
35 39
-5 2 -3
33 39
-1 -2 0
9 20
5 4 -5
18 45
-1 5 2
5 19
2 4 5
2 25
5 3 5
3 41
4 1 5
25 47
5 2 -5
8 21
2 0 2
18 20
0 -4 5
40 41
-5 -1 3
3 46
2 -1 5
10 37
-5 -1 4
0 45
5 4 -2
7 33
-5 2 5
20 23
1 5 -3
11 32
-1 5 -2
10 46
0 -5 4
33 45
2 -4 -2
13 34
-2 -2 5
18 34
-4 -4 -3
26 37
-2 4 -5
7 13
1 2 2
3 32
-3 4 0
0 26
-2 3 1
9 23
-3 5 -2
3 47
-4 -5 -2
3 16
-3 1 -2
27 43
-4 -3 -5
11 29
-1 -1 -5
13 23
-1 -4 4
8 42
3 1 -1
39 44
4 4 -2
29 42
4 -1 -5
11 13
-5 -3 2
22 28
1 -1 -3
23 26
3 -3 1
19 31
-3 -1 -1
23 42
5 1 -4
31 37
-4 3 -2
25 36
5 5 3
11 31
-3 0 -5
3 42
0 1 -4
0 24
5 -4 5
25 46
-3 -5 -2
1 9
-2 -1 -2
21 40
0 -4 -1
21 30
-2 -4 -1
1 36
-4 1 3
17 29
4 -2 -5
16 35
0 -4 3
6 30
-1 3 -3
17 36
-1 -1 -5
1 44
1 -3 3
14 26
-4 -1 0
24 47
-2 0 -2
24 25
5 -4 2
2 37
-1 -2 -2
9 24
-1 -1 -2
34 38
5 3 3
21 43
4 -5 -3
5 27
-1 3 2
7 35
5 5 -4
19 41
-1 3 -1
4 19
-5 5 3
4 33
-1 4 -4
9 41
-3 0 0
39 43
1 -1 3
19 23
-3 -3 -5
0 40
3 -3 -1
6 15
-1 -1 -5
32 41
-1 3 3
9 38
-3 -3 -4
45 49
-1 2 4
2 47
-2 -4 2
36 44
0 1 -3
5 38
1 0 3
2 29
2 3 -4
6 17
4 2 5
28 31
-1 -4 -3
0 9
-1 -3 1
8 14
0 4 2
7 26
-2 0 3
10 23
5 1 1
6 32
4 -1 -1
4 6
5 -1 0
43 44
-3 -1 0
7 37
2 3 5
22 37
-4 4 -3
2 21
3 3 -1
33 34
-5 -3 5
11 17
-4 2 2
39 46
3 4 4
0 20
-1 -4 -3
7 47
-3 5 -2
21 45
-5 5 3
7 16
4 2 -4
2 11
2 1 4
12 32
1 3 -3
15 49
4 3 1
24 35
0 -3 -3
30 46
2 -5 5
4 13
-1 -1 -1
17 33
5 5 -1
20 32
-3 -1 0
8 39
1 4 1
29 35
4 1 4
16 40
5 3 2
25 41
-1 0 -3
10 28
5 4 1
19 34
1 -1 -3
40 44
-3 3 -3
15 24
4 -1 4
31 33
-2 5 -2
19 27
5 4 -5
3 27
1 -3 4
