50 245 
0 F -50 50
1 F -50 50
2 F -50 50
3 F -50 50
4 F -50 50
5 F -50 50
6 F -50 50
7 F -50 50
8 F -50 50
9 F -50 50
10 F -50 50
11 F -50 50
12 F -50 50
13 F -50 50
14 F -50 50
15 F -50 50
16 F -50 50
17 F -50 50
18 F -50 50
19 F -50 50
20 F -50 50
21 F -50 50
22 F -50 50
23 F -50 50
24 F -50 50
25 F -50 50
26 F -50 50
27 F -50 50
28 F -50 50
29 F -50 50
30 F -50 50
31 F -50 50
32 F -50 50
33 F -50 50
34 F -50 50
35 F -50 50
36 F -50 50
37 F -50 50
38 F -50 50
39 F -50 50
40 F -50 50
41 F -50 50
42 F -50 50
43 F -50 50
44 F -50 50
45 F -50 50
46 F -50 50
47 F -50 50
48 F -50 50
49 F -50 50
1 3
5 2 3
1 38
0 -5 -2
0 32
2 -5 -4
4 41
-4 -2 -4
3 18
4 -2 4
8 48
-1 -3 1
4 27
-2 -4 0
25 36
3 -1 -2
12 42
5 0 0
2 39
3 1 2
13 48
-3 -1 5
0 35
-1 0 0
4 36
5 -5 5
8 15
-2 -2 3
33 48
-1 -2 3
8 36
-2 4 -2
1 11
-5 1 1
17 36
4 -2 -3
6 48
-4 0 -3
14 19
1 0 2
15 37
-5 -1 -4
21 34
-3 -4 1
10 46
-2 -2 -4
15 35
-2 -2 4
38 45
-3 -3 -4
8 34
1 -2 3
41 49
-1 0 -1
39 48
1 -3 4
4 23
-5 -3 5
7 29
1 2 -5
14 34
-1 3 -5
1 23
5 -4 -3
42 46
-3 2 5
30 48
-3 -4 -4
12 47
3 2 -4
5 39
-2 -3 -1
4 9
-5 -2 3
40 46
1 -3 5
26 35
3 -3 3
13 22
-1 4 5
10 18
-4 4 -1
38 43
-3 4 -5
28 39
-2 -5 0
20 29
4 3 -1
7 18
0 -5 1
24 29
2 5 -1
15 44
-2 -2 -2
31 49
5 2 4
3 16
3 -5 -3
14 23
2 0 1
4 8
5 0 -4
11 47
0 5 0
32 34
-1 3 3
7 28
-1 0 3
26 32
-2 1 0
28 48
-2 -5 -3
37 41
5 -3 -4
4 12
2 1 3
1 29
3 -1 4
32 49
-2 -3 3
16 42
0 1 3
1 31
1 2 0
2 5
-5 -1 -3
10 49
-3 2 1
6 31
-2 4 -4
29 48
-1 -1 1
27 45
2 -2 -1
20 42
3 0 1
4 48
-1 1 -5
6 35
-4 -3 0
11 18
3 4 -5
20 48
-3 -4 -4
10 11
-5 3 2
13 25
0 -4 -5
6 26
-1 2 1
21 41
1 -2 3
29 39
-3 2 1
25 40
0 -4 -5
10 44
1 -4 1
14 49
1 -1 3
16 29
0 -4 0
24 26
4 1 -2
20 25
2 0 -3
5 21
-2 -2 0
20 43
1 0 5
11 12
0 -3 -1
28 47
-5 5 3
16 34
-1 -2 0
23 35
4 -2 -2
13 31
-4 -1 -1
2 31
3 5 0
9 20
-2 5 -1
16 49
5 5 -2
15 48
2 2 -2
3 14
3 5 4
27 46
-5 1 2
13 26
5 -4 -5
20 26
2 -3 3
12 45
-5 5 -4
9 17
-4 -1 -3
4 21
3 3 2
26 47
5 3 -3
31 42
-4 4 -5
14 47
2 -3 -1
24 35
1 -3 -2
7 30
-4 -4 -3
0 12
0 5 1
4 37
-2 -4 0
6 32
3 4 -5
8 32
0 -4 -5
4 44
-2 -2 -5
14 39
5 1 -1
17 32
-2 3 -1
10 30
-1 1 -5
38 39
0 -4 0
23 45
0 1 4
19 26
-5 4 -3
0 30
-3 5 -3
6 45
0 -3 -5
35 39
-3 3 1
0 4
5 5 2
3 41
-1 -5 -1
3 25
2 -5 -2
23 41
1 5 -4
4 35
-4 1 -2
12 20
-3 -5 2
27 44
-4 1 1
18 46
5 -1 -2
2 23
4 3 2
18 45
-3 -3 -3
1 15
-1 -3 1
1 43
1 -5 2
27 33
-1 0 1
4 28
-3 -5 0
2 40
4 1 -3
18 48
0 1 -4
24 48
-2 -2 -1
19 36
-2 2 -5
26 34
-3 -5 3
15 18
-2 0 -5
14 21
1 2 4
8 16
4 2 -1
18 29
0 2 5
1 4
-1 -5 -1
30 37
0 -4 -2
16 20
5 -1 -2
21 42
1 -4 0
12 34
5 4 -4
13 17
-1 5 -4
24 27
5 4 -5
26 30
0 0 2
15 47
-5 -5 -2
30 49
3 5 -5
0 43
-3 -4 0
12 36
2 5 4
36 43
-2 -3 -3
31 40
1 0 -2
10 33
2 -2 -3
16 21
-5 -3 5
31 48
-2 4 2
7 31
1 4 -2
3 21
-5 0 -4
13 20
4 0 -5
26 49
-3 2 -4
7 46
-3 -3 -4
2 12
-3 2 0
15 43
3 4 -2
15 45
-4 2 0
1 37
3 3 1
7 44
-2 -4 -1
9 47
5 4 3
14 33
-3 2 -2
1 48
-4 2 0
38 44
0 2 4
27 31
3 5 -3
31 45
-5 -3 -5
12 25
-4 -2 4
4 11
-1 -4 -3
19 27
-4 -4 -2
23 36
-1 5 -1
0 37
3 0 -5
17 21
3 1 -5
5 30
-4 -2 -4
8 19
-2 0 -3
4 32
4 5 4
3 6
3 0 4
8 11
-5 0 4
25 30
-3 -4 -2
26 40
-4 -1 3
3 32
-3 -5 -2
38 48
-5 -3 -1
8 12
2 -3 -1
6 28
4 0 5
11 16
4 5 2
21 44
-1 3 -2
24 37
1 -2 0
1 8
-3 3 5
2 41
-5 -2 -3
21 32
4 -4 2
25 35
1 -5 -5
0 5
-4 -5 1
6 42
3 5 -4
1 10
1 2 -3
0 45
-2 1 -2
8 18
-4 -2 -4
43 48
3 -1 -2
9 43
-3 -3 -4
17 38
1 -1 -3
10 38
0 -3 -3
15 33
-3 4 4
34 35
-4 2 -4
34 36
4 1 0
20 36
-3 1 -1
23 33
2 0 3
20 24
-3 -5 1
26 38
-4 2 -2
9 45
5 -4 5
7 8
-5 1 1
9 37
3 5 2
39 47
5 -4 -3
27 40
3 4 -3
29 32
4 4 -5
38 46
3 0 -1
13 27
2 4 -2
0 34
-2 -3 -2
9 28
-5 0 2
27 43
2 0 -2
6 16
-3 -4 -3
9 21
-5 -4 -5
35 37
-3 0 3
34 44
0 5 1
19 39
5 -1 2
11 22
-3 -3 3
23 46
3 5 -3
8 14
-5 -2 0
7 48
-5 -5 -5
18 37
4 3 1
23 25
-4 -4 5
7 22
3 4 5
10 25
-2 4 -2
36 38
-1 -1 -2
1 26
0 4 5
23 47
2 2 -1
21 37
-3 -1 -2
4 10
5 -4 1
