50 245 
0 F -50 50
1 F -50 50
2 F -50 50
3 F -50 50
4 F -50 50
5 F -50 50
6 F -50 50
7 F -50 50
8 F -50 50
9 F -50 50
10 F -50 50
11 F -50 50
12 F -50 50
13 F -50 50
14 F -50 50
15 F -50 50
16 F -50 50
17 F -50 50
18 F -50 50
19 F -50 50
20 F -50 50
21 F -50 50
22 F -50 50
23 F -50 50
24 F -50 50
25 F -50 50
26 F -50 50
27 F -50 50
28 F -50 50
29 F -50 50
30 F -50 50
31 F -50 50
32 F -50 50
33 F -50 50
34 F -50 50
35 F -50 50
36 F -50 50
37 F -50 50
38 F -50 50
39 F -50 50
40 F -50 50
41 F -50 50
42 F -50 50
43 F -50 50
44 F -50 50
45 F -50 50
46 F -50 50
47 F -50 50
48 F -50 50
49 F -50 50
0 41
-5 4 2
9 39
1 -4 -2
13 23
-4 -5 2
14 39
4 -1 -4
37 45
-4 -4 -3
1 13
1 3 -2
0 10
-3 3 -4
1 44
4 -1 2
7 47
2 -1 0
40 49
5 5 3
4 22
3 2 -3
13 32
-5 4 3
30 38
1 -3 -3
29 47
-4 -1 -2
29 37
-3 -1 3
17 25
2 5 4
17 30
4 5 -1
10 38
1 -3 3
1 42
4 0 5
7 49
2 -4 2
32 38
3 0 4
36 38
-3 -5 3
12 40
5 -1 -4
13 22
5 3 3
5 46
-2 -3 5
24 25
4 5 0
9 41
-4 -5 -2
8 19
5 1 2
26 31
-4 -1 1
23 28
-2 3 -1
23 43
-1 -4 3
12 21
5 4 -3
5 48
-3 -4 5
5 37
5 5 -5
37 39
-5 2 -1
6 44
3 -1 3
15 26
5 1 -5
35 43
1 1 2
19 34
1 5 -2
26 30
-1 -4 -2
2 6
3 1 2
8 35
0 4 0
3 39
1 -5 4
16 28
-2 -2 -4
18 41
-4 3 -5
31 33
4 0 1
27 32
-4 -5 5
11 19
4 -2 0
4 20
2 3 0
15 43
2 0 2
23 42
-2 1 -3
23 38
0 5 1
25 43
3 0 5
12 48
3 -4 3
1 22
5 -5 3
1 14
1 4 1
31 46
1 1 -1
16 43
-2 -5 3
30 32
5 1 -1
4 27
-1 2 3
19 21
-2 1 0
13 45
-1 -4 4
25 32
-2 4 4
17 27
1 5 -3
9 35
-4 1 -5
26 49
-5 5 -3
19 28
0 1 0
2 16
-1 -5 -2
3 36
-4 4 4
32 47
-5 2 2
11 14
3 -5 3
3 32
-1 4 1
21 37
-4 3 0
41 46
4 3 1
18 32
0 -2 4
23 47
-4 5 4
11 16
-4 -5 4
11 29
0 -5 -1
0 39
-2 3 5
26 27
-3 -4 -3
0 19
5 -2 0
12 35
0 -5 -2
20 30
-4 2 -2
29 45
-1 4 3
28 40
-5 -5 -4
1 15
-2 -3 5
20 23
-4 5 1
14 30
4 3 2
25 41
2 -3 -1
31 38
-4 0 3
32 41
-2 4 3
1 28
-4 -4 2
0 47
1 4 5
15 22
-4 -4 1
19 35
1 -4 -3
31 43
0 -5 4
8 48
0 2 5
13 28
5 5 -3
8 30
-2 0 3
31 42
-1 -2 4
15 20
2 4 1
40 41
2 -5 -3
24 28
5 -1 -1
28 33
-3 4 -4
2 26
-5 5 0
9 10
3 -4 5
12 45
1 -1 -5
35 48
3 -2 2
36 41
-5 4 -5
9 12
-5 -3 1
4 28
-2 0 5
12 39
3 4 -2
2 9
4 1 2
19 25
-5 4 3
44 45
3 -5 -5
26 40
5 0 1
27 29
2 0 -1
22 34
1 3 3
18 39
-1 2 1
1 23
2 -4 3
4 32
-4 0 1
14 16
0 1 2
17 49
-4 -1 0
28 31
-2 -4 -2
15 29
0 1 -1
7 37
1 2 -2
0 14
2 -4 -4
10 17
1 -5 -5
35 44
1 3 4
0 26
0 -5 -4
1 32
4 -2 -2
29 48
-3 4 5
5 43
4 0 3
21 27
-1 5 4
23 49
-4 3 -1
8 38
5 1 -1
16 37
-5 -5 5
24 49
5 3 3
10 40
-2 -5 5
8 18
-2 -5 0
25 38
3 0 0
19 41
1 -4 -4
16 41
2 2 -4
10 31
1 1 0
33 34
0 -5 3
4 42
-2 1 3
6 40
2 0 3
35 42
4 2 -3
34 49
-4 -1 1
3 17
-4 1 -4
7 10
1 4 1
9 25
2 -4 -4
28 41
2 -1 -1
15 37
1 3 -2
42 46
1 1 1
4 18
5 2 -1
14 48
-1 1 -2
18 42
0 4 3
31 37
3 -2 1
12 49
2 -2 1
21 36
4 0 -3
41 45
-3 1 -1
5 8
5 -3 -3
11 36
0 -4 -4
16 25
1 1 1
37 49
-4 -4 -2
15 45
-1 5 -3
25 27
0 2 -3
39 40
2 1 -3
13 38
2 -3 -1
45 46
-2 -4 0
16 46
-5 -4 2
23 34
-3 2 4
16 40
4 1 -5
17 34
-3 4 5
6 29
2 -1 4
16 35
3 -5 -1
10 14
1 5 4
31 49
1 5 3
0 7
-1 4 -5
11 49
-4 1 4
4 48
-1 -1 -2
0 4
3 0 2
5 45
-4 -5 -1
13 41
-1 2 -5
8 10
3 5 -5
7 15
0 4 -5
4 26
4 -2 -2
4 15
3 1 1
15 42
4 -3 4
18 34
-4 5 2
15 30
0 -3 2
14 17
0 5 5
15 34
0 5 -3
6 13
-4 0 4
10 11
2 2 -3
34 38
-1 -1 -3
11 22
-1 -5 5
6 45
1 1 5
16 33
-3 1 3
0 33
3 -1 2
20 44
3 -1 1
28 35
0 3 5
6 14
-5 -1 -3
2 18
2 -2 5
22 30
-4 -1 -3
20 40
-4 2 5
21 30
-3 -4 -1
39 45
-1 -4 -2
11 42
1 3 -2
1 4
1 -3 -2
19 40
1 -1 -2
31 48
-5 -1 -3
25 29
1 -4 -4
11 33
2 4 0
34 44
-1 0 -5
12 13
5 -5 5
8 13
-1 2 -4
8 40
5 4 -4
13 44
-3 2 4
7 46
1 3 -4
37 46
-4 -1 2
17 41
-5 -2 0
27 31
3 1 -4
37 47
4 3 3
21 32
1 1 -3
10 39
4 -3 -3
10 12
-3 0 -5
35 46
-4 2 5
9 38
-5 -2 -3
12 16
-2 -5 -4
25 42
4 -5 0
10 21
3 5 -4
29 32
4 1 -5
8 27
4 -1 -4
7 9
5 3 -4
27 45
-2 2 2
15 27
-4 4 -4
31 36
4 -1 1
0 34
4 2 1
5 33
2 1 4
2 27
0 5 -2
17 22
2 -3 4
2 10
-3 -5 3
12 27
-3 0 1
