50 245 
0 F -50 50
1 F -50 50
2 F -50 50
3 F -50 50
4 F -50 50
5 F -50 50
6 F -50 50
7 F -50 50
8 F -50 50
9 F -50 50
10 F -50 50
11 F -50 50
12 F -50 50
13 F -50 50
14 F -50 50
15 F -50 50
16 F -50 50
17 F -50 50
18 F -50 50
19 F -50 50
20 F -50 50
21 F -50 50
22 F -50 50
23 F -50 50
24 F -50 50
25 F -50 50
26 F -50 50
27 F -50 50
28 F -50 50
29 F -50 50
30 F -50 50
31 F -50 50
32 F -50 50
33 F -50 50
34 F -50 50
35 F -50 50
36 F -50 50
37 F -50 50
38 F -50 50
39 F -50 50
40 F -50 50
41 F -50 50
42 F -50 50
43 F -50 50
44 F -50 50
45 F -50 50
46 F -50 50
47 F -50 50
48 F -50 50
49 F -50 50
10 40
3 5 -3
4 21
-5 -1 1
7 21
-3 -5 -5
35 42
2 1 3
39 40
3 -4 -1
6 18
-2 -2 3
22 49
-4 3 -5
11 35
3 -4 -2
23 34
2 2 -3
41 44
-2 4 0
16 26
3 -1 5
8 13
5 5 5
0 10
4 -4 4
39 42
-4 -2 1
14 35
-4 -1 1
16 38
0 0 3
9 28
4 -3 0
27 34
2 -5 -1
7 17
0 -5 -5
8 48
2 5 2
3 34
-4 -3 2
23 44
-1 5 -2
28 33
-2 5 5
4 40
4 -5 -3
20 32
-5 0 2
1 49
4 -2 2
14 20
-2 4 2
36 37
2 5 -4
24 35
2 -2 -3
9 41
-4 -4 0
0 43
-4 -4 4
41 42
-4 3 -3
30 44
3 4 -4
22 28
3 4 -2
11 31
5 -2 2
16 44
3 -2 -4
16 36
-3 -2 -4
25 31
0 3 0
19 34
-2 3 -1
8 44
2 -4 -5
6 29
2 -3 -2
30 46
3 0 -3
38 47
-3 -2 -4
40 45
0 -2 0
14 18
2 -2 0
15 24
-4 4 -2
2 16
-5 -2 -5
12 26
-3 0 1
5 40
2 -5 1
2 19
-3 -3 -2
18 22
1 -4 -4
16 21
-5 -2 -2
7 26
4 -2 4
25 32
4 -3 -4
18 21
5 3 -1
20 30
-2 -4 5
30 37
4 4 -4
1 32
1 -2 1
29 41
-5 3 5
31 43
-3 -1 5
32 39
-4 2 -1
9 39
5 4 2
0 21
4 5 1
24 30
2 2 -4
1 30
2 1 -3
33 36
-1 0 -2
6 7
5 1 2
36 43
-2 4 -1
2 23
-3 1 -5
0 9
0 -5 -5
30 43
-4 -1 2
15 48
-3 3 -4
13 38
-3 -5 0
23 39
5 -3 -4
23 24
1 1 -1
8 16
4 -1 -1
28 29
4 1 4
3 19
-3 -2 4
13 26
-5 -4 5
2 32
-4 2 5
6 45
-2 5 1
2 8
1 -5 3
15 30
-5 1 2
7 14
1 3 2
4 19
2 4 -3
7 8
4 -2 0
18 28
-1 -1 -5
23 45
1 1 5
12 29
-2 3 5
13 22
5 1 -4
13 35
1 4 5
18 38
3 -1 0
0 7
-4 4 -5
18 40
0 -5 1
8 21
-4 0 0
29 31
3 4 5
24 36
-5 -2 5
38 46
5 -1 2
11 18
1 -4 -1
26 38
-1 -2 -4
13 29
4 -4 -1
36 48
-1 1 -5
1 28
-3 1 5
34 35
-3 -2 -5
32 47
4 -4 4
3 30
3 5 3
9 46
-1 1 4
30 41
3 -5 0
30 33
0 -4 -5
12 37
-1 -3 3
5 14
3 -1 -1
30 31
5 1 4
9 18
5 0 2
26 29
2 -4 2
31 32
5 2 -3
22 36
-4 1 1
14 40
0 1 0
11 33
4 -5 4
0 24
2 4 -2
26 34
-2 -4 0
13 32
-3 4 0
1 38
0 -5 0
24 33
0 -4 5
11 38
3 1 5
20 29
3 2 2
9 29
1 1 -1
21 28
-1 0 -3
27 38
-3 5 -4
5 21
5 -1 1
3 31
-5 -2 -3
4 49
-3 3 0
2 15
0 -3 -3
10 38
5 -5 5
7 13
-2 -5 3
11 20
4 -5 -3
3 46
3 -2 -3
3 18
1 -1 -2
9 19
0 5 -4
38 40
1 0 -2
10 45
-1 1 -4
34 42
-4 1 4
4 47
-2 3 4
3 10
-2 0 -5
9 23
-4 0 -1
4 38
1 -1 -3
22 35
-2 4 3
23 30
-3 1 -2
0 2
3 1 -3
11 39
5 2 -3
11 48
0 -2 -4
4 23
0 0 -3
9 32
-3 4 -1
2 20
1 5 4
27 43
-4 -4 5
16 42
-2 -5 -2
3 12
5 -1 -3
1 45
0 4 -2
37 49
4 4 -3
10 37
1 2 3
1 4
-3 -2 -3
11 23
-3 -5 -1
13 24
-2 -2 1
13 43
-4 -2 -2
22 42
0 5 -4
23 36
-4 -5 1
2 29
4 5 -4
34 43
-5 5 4
27 42
2 -5 0
27 39
-3 -3 -1
3 22
5 4 -4
19 28
1 2 -4
7 46
0 3 -4
0 45
5 2 0
28 30
5 -2 -4
4 24
-2 -1 5
0 42
-1 -5 2
1 44
4 -5 3
17 19
-3 -4 5
3 45
4 1 0
2 26
0 3 1
25 44
2 -2 1
15 33
4 4 0
24 34
-2 5 5
1 48
0 -4 -1
8 37
-4 -4 -2
6 39
3 3 5
4 14
-3 -4 -2
25 39
-1 -4 2
12 47
4 3 5
33 48
0 -5 1
22 29
2 4 -1
32 38
-3 1 5
2 3
1 -4 1
20 31
-1 4 -2
14 38
-5 4 5
1 12
0 5 3
26 37
3 -1 4
21 49
2 -1 3
16 49
3 2 0
35 49
-1 3 5
5 39
-2 -4 -2
10 49
-4 -4 -3
9 31
2 5 -1
20 46
-2 5 -2
26 44
-1 0 2
12 48
0 0 1
24 29
-1 4 4
4 32
-4 -3 -1
3 27
0 1 3
12 35
0 4 2
8 41
5 2 5
11 24
-5 -5 5
0 11
4 -1 2
13 17
-1 3 5
29 47
5 1 -4
33 41
1 0 3
23 25
0 5 -4
11 30
-4 5 -5
32 36
5 4 0
3 21
-3 5 -2
14 24
4 1 4
6 36
3 2 -4
33 43
-1 -3 -5
16 17
-2 0 2
20 37
-4 -1 -5
19 35
-5 5 2
7 29
4 0 4
38 39
0 -1 -5
18 26
-2 -2 3
16 34
5 -3 -5
41 46
-3 0 -4
9 48
3 4 4
18 49
4 -2 5
6 28
4 0 3
31 49
-5 1 -2
40 41
3 -4 5
19 30
-1 3 -5
24 39
-5 3 3
13 42
3 0 5
13 14
-3 0 -4
6 47
0 0 1
12 42
4 -3 5
18 44
3 3 3
3 8
3 -1 1
7 15
-2 -3 -5
