50 245 
0 F -50 50
1 F -50 50
2 F -50 50
3 F -50 50
4 F -50 50
5 F -50 50
6 F -50 50
7 F -50 50
8 F -50 50
9 F -50 50
10 F -50 50
11 F -50 50
12 F -50 50
13 F -50 50
14 F -50 50
15 F -50 50
16 F -50 50
17 F -50 50
18 F -50 50
19 F -50 50
20 F -50 50
21 F -50 50
22 F -50 50
23 F -50 50
24 F -50 50
25 F -50 50
26 F -50 50
27 F -50 50
28 F -50 50
29 F -50 50
30 F -50 50
31 F -50 50
32 F -50 50
33 F -50 50
34 F -50 50
35 F -50 50
36 F -50 50
37 F -50 50
38 F -50 50
39 F -50 50
40 F -50 50
41 F -50 50
42 F -50 50
43 F -50 50
44 F -50 50
45 F -50 50
46 F -50 50
47 F -50 50
48 F -50 50
49 F -50 50
3 46
4 3 -3
14 31
-4 2 -3
9 49
3 -5 3
6 14
4 -4 4
13 38
-4 -4 0
30 44
0 2 -2
35 39
-4 1 -4
29 48
1 2 5
16 17
3 -4 2
4 9
2 4 -5
4 32
5 -3 5
9 44
4 2 3
4 33
-2 5 -2
21 36
4 -4 0
27 32
-2 2 1
5 25
0 0 -1
3 44
2 -1 4
42 49
-4 -3 0
33 35
-1 3 4
6 48
5 0 -3
10 13
4 5 -5
7 10
-2 3 -4
36 43
-3 -3 -1
23 44
3 -5 -3
23 38
-3 -3 4
26 31
2 -1 -4
17 40
2 -5 -5
8 44
2 4 5
22 27
3 3 -3
23 48
4 -2 -5
6 20
-4 4 3
33 40
2 -4 -3
18 29
-5 -2 3
1 23
2 -1 -3
11 20
5 -1 2
28 35
0 3 -5
3 19
0 -5 5
23 41
-3 2 -4
12 19
2 0 1
7 21
5 5 -5
0 11
2 0 -5
2 27
-1 5 -5
16 37
-4 2 3
15 26
-4 0 -4
24 45
-3 1 -1
46 47
3 5 -5
5 28
-4 5 1
24 25
-3 3 0
6 34
5 -1 3
13 17
-4 0 3
6 35
-2 -2 -2
38 41
-1 2 2
5 31
-5 -2 0
11 14
-5 -2 0
27 43
-1 1 -5
15 28
0 -3 -4
30 39
2 -1 -2
20 21
-3 -4 5
19 40
-2 -3 5
15 29
1 2 -5
21 32
0 4 5
5 6
2 5 3
14 38
0 3 3
41 48
2 1 1
6 8
-3 -5 2
2 38
1 3 -2
32 35
2 4 4
15 43
-5 5 -2
44 48
4 3 -5
0 48
-2 -1 5
0 16
-3 -2 4
30 45
5 0 -2
7 36
3 4 -3
3 11
3 -3 -1
1 38
-2 4 1
25 26
-5 -1 4
9 36
3 5 -4
20 24
1 0 2
3 16
4 1 4
28 34
1 2 5
7 45
3 5 3
2 39
-5 -2 0
13 37
3 -5 -4
16 38
-2 4 4
37 44
-4 4 -4
29 35
0 -1 4
18 30
4 4 -2
7 11
5 0 4
36 48
1 2 1
34 45
-2 2 -5
2 20
3 -5 -4
8 14
2 -2 1
37 46
4 5 4
9 28
-5 -2 0
3 13
-3 2 -4
38 39
4 -2 -3
35 48
5 4 -2
9 14
3 4 -5
18 24
2 -2 1
10 42
0 2 2
18 19
0 4 -4
0 15
2 -4 1
24 38
-3 -5 5
16 36
0 -5 4
1 41
1 -1 -4
17 19
5 -2 -5
19 23
-2 -2 -3
21 47
-2 0 3
29 30
-1 4 0
1 19
1 0 -3
25 46
0 0 0
9 19
5 4 -1
4 21
-5 2 -2
14 46
-3 2 5
22 41
0 -1 5
23 30
1 -4 -1
3 7
0 -1 3
17 38
5 -1 4
47 48
-2 0 -1
6 46
3 5 1
45 49
3 -4 -5
22 34
5 2 -4
0 25
5 -1 3
25 35
2 -2 -5
20 35
0 -2 -4
7 47
4 5 -2
14 25
-1 5 2
27 42
-1 -4 4
5 30
-2 -2 -1
11 30
3 -3 -2
16 28
-5 -5 -5
16 44
5 -5 -2
28 29
-3 3 4
14 35
-4 1 5
18 39
-1 3 2
3 48
0 -5 -3
29 41
-5 -1 2
14 33
-1 1 0
4 39
0 0 -5
17 21
-2 2 -2
4 24
-4 -5 -2
42 48
4 -1 -5
14 22
2 1 5
2 46
-5 -4 0
27 39
-1 2 -4
18 33
1 -5 2
21 29
3 -4 0
6 19
-3 1 5
39 49
-3 -1 3
31 40
5 -2 0
7 8
2 0 5
31 35
-5 -5 -4
21 24
-3 0 3
37 40
4 -4 4
15 41
-3 4 -3
17 18
0 0 -3
8 33
2 3 -2
41 43
-3 3 -1
17 45
-2 -1 0
14 29
5 -1 -5
29 45
-2 3 3
25 27
1 3 -1
0 46
-3 -2 1
16 24
0 -2 -2
12 29
2 -1 4
18 37
-2 5 4
14 17
4 -3 5
2 17
2 4 -2
19 30
-5 4 5
0 20
-1 -4 -2
9 25
-1 -2 -3
0 36
2 -1 3
7 24
3 4 0
12 38
1 -2 -1
30 41
0 -1 1
0 6
4 -5 -4
0 35
5 -4 3
41 45
-3 -2 -5
11 40
4 4 3
13 19
1 -2 4
33 37
-1 4 -2
24 48
1 -3 -2
5 49
-2 4 3
8 29
-2 1 3
33 49
1 -3 -5
0 41
-3 -4 -3
20 42
0 -3 0
1 43
1 1 -1
33 45
-5 -3 5
4 28
-1 -5 -5
16 26
-2 4 -3
25 49
3 5 -2
8 40
-4 1 -2
32 44
1 3 0
17 49
4 -4 -4
20 32
-4 -4 5
5 14
-3 -1 -1
2 5
-4 3 4
33 43
5 2 4
1 4
-5 -3 -2
17 41
1 3 2
13 41
-2 5 2
12 26
5 -4 3
2 45
-2 -4 -2
14 30
0 -3 5
16 22
4 -1 -1
15 46
4 0 3
15 32
4 -5 -4
3 27
-5 -2 0
28 39
4 -2 -2
9 23
5 -4 1
4 30
2 0 -4
9 45
2 -1 2
14 47
-5 3 -1
2 40
-2 -5 3
0 37
5 -4 -1
30 37
4 -3 -2
39 48
-4 -4 -4
14 34
1 -5 2
35 49
3 0 -1
31 48
-2 -4 -2
3 4
-4 1 -2
34 47
2 -4 -2
36 38
-5 -4 3
38 42
-5 0 -5
14 23
0 3 3
7 19
1 -5 2
13 27
-3 3 -1
10 45
4 5 0
36 47
-3 -4 0
6 42
0 -4 1
23 33
-1 5 0
38 40
2 -4 -1
36 40
3 -2 -4
21 26
-3 -5 -3
23 25
-2 -4 -2
13 22
5 3 2
13 24
3 5 -1
25 37
4 1 0
28 42
1 -2 -2
16 43
0 -2 -1
5 21
5 3 4
37 48
3 3 1
2 49
-4 -5 -4
13 34
-3 2 4
