50 245 
0 F -50 50
1 F -50 50
2 F -50 50
3 F -50 50
4 F -50 50
5 F -50 50
6 F -50 50
7 F -50 50
8 F -50 50
9 F -50 50
10 F -50 50
11 F -50 50
12 F -50 50
13 F -50 50
14 F -50 50
15 F -50 50
16 F -50 50
17 F -50 50
18 F -50 50
19 F -50 50
20 F -50 50
21 F -50 50
22 F -50 50
23 F -50 50
24 F -50 50
25 F -50 50
26 F -50 50
27 F -50 50
28 F -50 50
29 F -50 50
30 F -50 50
31 F -50 50
32 F -50 50
33 F -50 50
34 F -50 50
35 F -50 50
36 F -50 50
37 F -50 50
38 F -50 50
39 F -50 50
40 F -50 50
41 F -50 50
42 F -50 50
43 F -50 50
44 F -50 50
45 F -50 50
46 F -50 50
47 F -50 50
48 F -50 50
49 F -50 50
26 39
3 1 -1
28 36
2 1 1
6 23
-5 -4 2
9 41
-4 -4 -3
46 49
-1 -4 4
4 47
3 -4 -1
40 49
0 5 -2
18 24
5 -3 0
25 38
3 2 4
3 47
-5 -4 -4
17 25
1 0 5
6 49
-4 3 2
0 39
3 1 -3
12 39
4 -5 0
23 26
-1 3 -5
2 10
1 4 1
24 25
5 0 -4
1 15
3 -5 -3
26 28
-4 -1 2
16 30
4 4 -3
8 40
3 -1 3
17 22
-1 -3 -2
13 33
0 5 -3
5 25
1 0 5
3 5
-3 -3 5
34 35
-3 -3 -4
11 29
-1 2 -2
1 4
-1 -2 -1
23 41
3 -2 5
25 40
0 5 2
17 35
-2 -1 1
12 33
1 -2 -3
25 42
-1 -2 2
29 35
1 -1 -1
19 33
1 1 -1
10 14
4 3 3
31 43
-3 2 5
8 31
-1 -2 -5
32 40
-3 -4 0
14 23
5 1 -2
27 45
-5 4 -3
27 31
2 2 -4
16 45
5 1 2
40 48
2 5 5
0 44
5 -1 -5
0 21
3 -3 3
37 49
-1 -5 4
20 48
0 -4 -2
7 34
3 5 2
16 32
3 4 0
16 22
-3 -1 0
20 25
0 -2 -4
1 20
1 4 -5
15 36
2 1 0
37 39
5 4 1
12 28
2 3 1
1 10
-5 4 3
24 31
-2 5 2
2 16
-4 -5 0
5 27
-4 -2 -1
17 40
2 0 -3
29 34
1 0 4
3 36
-5 2 0
7 48
3 2 -2
5 10
0 2 -3
25 34
0 4 -2
10 43
4 5 0
6 34
0 0 -5
1 48
1 5 5
23 33
5 1 -1
2 41
1 4 3
27 47
5 -2 4
22 25
-3 2 5
42 47
0 -1 0
4 26
3 -1 -4
7 14
-1 -2 -4
22 43
-4 -2 -2
18 37
-3 3 3
32 44
5 4 0
15 47
-1 2 1
25 48
0 1 -3
4 24
0 -5 4
34 43
1 -5 -3
18 38
4 -3 -4
14 41
2 3 -1
41 44
-1 0 -2
5 31
-3 4 -5
6 27
-2 1 4
9 34
-2 5 5
6 48
4 -1 4
2 26
1 -2 -3
37 46
-2 -1 1
36 49
-4 5 4
9 38
5 -4 0
11 27
1 1 5
36 45
0 0 3
19 40
-3 0 0
8 46
3 0 -5
32 38
2 -1 -5
36 47
-1 1 -3
1 33
-3 -1 -5
8 14
0 2 4
3 17
-1 0 -4
42 49
-1 2 5
5 33
2 4 -4
4 18
3 -5 5
21 44
-5 -5 3
1 13
-2 -4 -5
25 47
-5 -2 -4
11 31
-1 -4 3
45 48
-4 -1 1
1 2
1 -2 -4
33 37
-3 4 -3
4 20
-1 5 0
34 41
0 -2 -1
3 6
-2 -5 5
27 44
-1 -4 -2
20 43
-1 0 -4
15 18
2 -5 -3
4 14
5 -4 4
0 17
2 -3 -4
25 45
-4 5 5
2 36
-2 -2 0
2 23
-1 0 -5
19 24
2 -5 1
18 44
4 -4 -4
10 23
3 4 -3
0 19
2 -5 -2
23 32
1 3 2
44 49
3 0 -5
6 35
-3 2 -4
12 34
-5 -2 -4
13 20
-1 1 -1
14 29
-5 2 2
6 38
-4 -4 -3
0 45
1 3 1
29 49
1 1 0
1 22
3 -2 2
6 8
1 4 -2
0 16
5 0 2
10 47
3 -4 -4
34 44
-2 0 -4
9 48
-5 1 -4
4 46
-1 4 0
27 35
2 -3 5
1 42
-1 5 -1
42 48
-4 -2 0
12 36
-1 2 0
18 48
-3 3 3
0 13
2 -4 1
35 41
2 -3 -1
2 30
4 -4 -1
37 41
3 2 1
1 32
-2 -5 0
31 49
2 -5 2
1 18
-4 2 2
3 25
1 -4 2
6 26
4 -3 0
17 23
4 -5 5
33 43
3 -5 5
5 34
0 -3 -2
4 32
4 3 -4
10 46
1 -4 -1
20 45
-4 -1 2
20 39
-1 -5 0
6 47
-3 -1 5
20 40
0 -4 -1
13 30
-1 -2 1
15 48
-2 -5 0
3 38
2 0 -3
11 21
0 4 -3
45 47
3 -4 2
17 20
-2 5 5
33 40
-1 3 -3
26 35
-1 5 -5
6 44
-5 4 0
4 23
2 -1 -2
35 44
-2 -3 3
4 8
4 2 -5
28 44
0 -5 3
9 47
-1 4 -2
1 5
-2 3 -2
45 49
0 0 -4
13 19
-3 4 -1
22 47
-1 5 2
21 38
4 3 -5
3 11
-2 -1 -5
29 33
4 -1 -3
21 48
1 -3 1
13 25
0 5 -3
4 40
1 2 1
32 47
4 -2 2
10 33
1 -4 -5
21 24
-2 -3 1
8 24
-3 2 -1
19 39
-2 1 4
13 28
2 -1 2
7 16
-5 5 -4
5 39
-5 -4 3
9 44
-5 3 -4
4 22
4 -2 -3
36 48
-2 1 -1
22 31
-1 1 -2
37 48
5 4 -4
16 21
4 1 -5
3 19
0 -4 3
44 47
5 1 0
8 33
-3 -5 4
20 37
2 0 -1
27 37
2 -3 -1
33 47
1 -2 2
1 30
-2 5 -1
12 13
-5 -3 -1
4 11
3 0 4
15 27
2 4 2
13 37
0 -5 4
30 42
3 2 -5
29 42
1 5 -2
18 40
5 4 0
5 47
4 -4 1
16 37
3 4 -3
22 40
2 4 3
23 28
1 1 -5
10 44
3 -2 4
24 34
2 -5 -2
12 22
0 -4 4
19 26
3 -2 -1
27 49
5 -5 1
8 48
-1 -1 0
29 48
-2 2 -2
13 32
3 4 5
0 23
0 -4 3
11 14
-3 -1 2
14 45
1 -2 3
33 46
-5 -3 1
4 43
-3 -1 3
1 7
3 1 2
21 33
-5 -3 5
16 17
-3 -5 4
6 43
-4 -3 -4
14 40
-4 -5 -5
5 38
4 4 -5
17 34
-4 4 0
9 27
5 5 4
16 26
-3 5 -2
