50 245 
0 F -50 50
1 F -50 50
2 F -50 50
3 F -50 50
4 F -50 50
5 F -50 50
6 F -50 50
7 F -50 50
8 F -50 50
9 F -50 50
10 F -50 50
11 F -50 50
12 F -50 50
13 F -50 50
14 F -50 50
15 F -50 50
16 F -50 50
17 F -50 50
18 F -50 50
19 F -50 50
20 F -50 50
21 F -50 50
22 F -50 50
23 F -50 50
24 F -50 50
25 F -50 50
26 F -50 50
27 F -50 50
28 F -50 50
29 F -50 50
30 F -50 50
31 F -50 50
32 F -50 50
33 F -50 50
34 F -50 50
35 F -50 50
36 F -50 50
37 F -50 50
38 F -50 50
39 F -50 50
40 F -50 50
41 F -50 50
42 F -50 50
43 F -50 50
44 F -50 50
45 F -50 50
46 F -50 50
47 F -50 50
48 F -50 50
49 F -50 50
12 19
5 2 3
17 45
2 1 5
14 46
-5 0 2
23 26
2 4 3
26 31
3 5 1
41 48
2 3 0
8 42
-2 -1 5
26 27
-3 0 3
35 47
-3 5 3
40 41
0 5 -4
19 47
1 -1 4
10 48
0 -3 4
20 44
1 1 -4
8 12
0 1 -1
8 34
-4 2 -4
22 41
3 4 -2
30 31
-5 -1 -3
20 43
-4 -4 1
15 20
-5 1 1
19 38
4 -2 -4
41 42
3 2 -5
17 21
4 4 1
37 38
0 -4 3
30 49
5 -4 -2
4 17
5 -4 -1
3 12
-1 -2 5
30 42
-4 4 -1
4 27
0 0 5
17 20
3 5 -2
7 46
2 3 0
25 29
-2 -1 -2
20 46
3 -3 4
2 40
-2 -3 4
5 43
-5 4 -5
29 48
4 2 3
1 7
1 -3 -3
32 44
-2 2 -2
39 43
-3 3 -5
5 24
-4 -5 4
16 31
-2 -4 -4
17 33
1 -4 3
9 43
-5 -2 -4
7 28
0 0 1
11 34
3 -3 1
6 37
4 -4 0
0 22
5 1 1
13 31
0 -5 3
3 36
-2 -4 0
12 18
1 4 -2
7 37
-1 0 4
42 48
-5 3 3
13 29
0 -4 -5
16 40
-2 -3 0
23 48
-1 0 -1
0 43
-3 2 4
2 10
1 1 0
36 39
4 0 -2
8 35
0 5 -3
33 40
5 0 0
7 15
-1 2 3
4 5
-5 -2 4
7 11
4 -5 -5
2 28
-1 3 -4
41 44
1 -3 1
11 38
3 3 1
22 40
1 1 -4
22 45
-1 -3 3
25 32
0 3 -4
20 36
1 -1 4
6 10
2 -4 -4
20 21
1 -5 0
2 25
3 -3 4
17 41
1 3 1
15 40
5 0 -5
5 33
-3 -4 -3
16 48
4 -1 5
1 40
-5 1 5
2 42
-5 5 1
1 20
0 -2 -3
35 42
-4 3 4
11 20
-1 2 2
31 46
-3 -2 2
10 12
-4 -2 1
11 31
0 -1 -5
12 36
5 -4 1
7 39
3 2 2
0 40
-4 5 1
25 31
4 -5 -1
7 47
-3 0 -1
13 20
0 -3 -4
26 48
-4 0 -3
9 46
5 5 -4
16 43
-3 5 -5
24 32
-4 -1 0
0 42
0 -4 4
23 25
1 4 -3
41 47
3 1 -1
2 13
-3 -4 -4
3 11
-2 -2 4
12 31
-3 -5 4
4 26
-5 -2 5
26 45
-3 2 0
4 32
-4 -5 2
2 29
-4 -4 5
7 22
-1 4 2
8 19
1 1 -2
23 33
3 2 -1
10 47
-2 -1 5
10 16
1 5 3
38 43
-4 1 -2
37 39
0 -5 -1
19 46
4 -1 -3
29 40
3 -4 4
0 10
-2 -2 3
21 41
-4 -4 -4
0 49
0 4 3
5 31
1 -4 -1
13 44
5 3 3
1 13
2 0 -5
19 40
-4 2 -5
2 21
0 -3 -3
21 35
-1 2 -3
10 13
0 4 -1
14 32
-4 5 1
34 41
-3 -1 -2
8 30
5 4 3
19 42
1 0 -5
18 48
-2 2 -5
34 44
3 1 -2
27 38
-3 -2 1
28 47
5 -3 1
7 43
1 4 -5
9 33
3 0 -5
4 43
5 -5 3
11 46
-3 4 1
24 36
3 4 3
6 15
-3 -3 -5
12 23
2 3 -1
11 25
0 -2 -1
2 30
5 0 -1
21 28
-4 -3 -1
46 47
2 -4 -3
26 30
-2 1 -1
15 45
-5 2 -1
25 33
2 0 -5
3 7
-3 0 2
34 47
3 -3 -5
2 37
3 4 -3
20 40
3 3 -2
10 30
-4 -1 -3
19 27
2 5 5
14 44
-3 0 -5
15 44
2 -5 0
1 44
3 0 -3
19 36
0 -3 -5
14 24
2 -5 -5
19 30
-2 -1 -2
6 25
1 -3 0
32 40
2 -5 5
21 45
2 -4 4
26 33
3 4 -5
36 41
-5 2 1
16 42
1 4 -1
7 35
3 5 -4
6 39
0 -4 4
0 30
0 -2 1
31 43
1 0 3
20 25
-2 1 1
1 12
2 -2 -3
9 20
0 2 -3
38 44
5 -3 2
23 36
-1 3 -4
6 29
-5 1 4
36 40
3 3 -4
33 39
-5 1 0
0 33
1 -2 -1
18 35
-3 2 4
16 26
-1 -5 0
18 43
-5 5 -5
12 38
2 -4 -5
18 26
-2 -4 3
1 31
0 -3 5
9 41
5 1 5
34 49
3 5 -1
23 44
2 1 2
27 44
-4 2 3
1 41
-2 -1 -2
15 42
0 5 3
3 33
-3 -4 0
24 31
5 -5 0
14 30
0 3 -5
24 30
-3 -1 -4
40 44
-4 5 -3
7 44
-5 -4 -4
10 43
2 1 -2
15 16
0 -4 -2
5 36
4 -3 -4
0 29
-3 -4 3
1 23
-5 3 0
22 25
3 -3 -1
25 27
0 4 2
40 42
-2 4 -2
9 29
2 -4 1
6 18
-5 2 -2
28 45
-3 -3 1
7 18
-4 0 -5
8 49
-4 0 3
32 45
2 4 -1
24 42
-2 2 -1
41 46
-3 -3 2
3 30
-1 0 4
29 32
-5 -4 -5
3 43
3 -2 1
5 40
3 0 1
7 26
2 -5 5
1 30
1 2 -4
14 23
-5 1 1
31 39
0 5 -5
6 20
1 -5 2
0 14
-4 0 -5
30 40
5 -2 0
11 36
3 -3 3
6 22
-2 -1 2
21 43
1 -4 3
38 39
5 1 1
13 41
0 -1 -5
7 49
-3 5 -4
23 28
2 2 4
32 34
2 0 -4
14 19
4 -2 2
22 49
3 -4 5
2 12
-1 -1 3
37 44
4 -4 4
3 45
-5 5 5
5 16
-2 -3 -2
14 21
5 4 0
18 33
5 1 2
23 41
-1 -4 4
1 5
0 -1 0
12 48
-3 -2 5
5 25
3 1 1
13 27
-5 0 3
0 28
1 -2 -4
21 37
-3 0 1
16 24
-5 -5 2
