50 245 
0 F -50 50
1 F -50 50
2 F -50 50
3 F -50 50
4 F -50 50
5 F -50 50
6 F -50 50
7 F -50 50
8 F -50 50
9 F -50 50
10 F -50 50
11 F -50 50
12 F -50 50
13 F -50 50
14 F -50 50
15 F -50 50
16 F -50 50
17 F -50 50
18 F -50 50
19 F -50 50
20 F -50 50
21 F -50 50
22 F -50 50
23 F -50 50
24 F -50 50
25 F -50 50
26 F -50 50
27 F -50 50
28 F -50 50
29 F -50 50
30 F -50 50
31 F -50 50
32 F -50 50
33 F -50 50
34 F -50 50
35 F -50 50
36 F -50 50
37 F -50 50
38 F -50 50
39 F -50 50
40 F -50 50
41 F -50 50
42 F -50 50
43 F -50 50
44 F -50 50
45 F -50 50
46 F -50 50
47 F -50 50
48 F -50 50
49 F -50 50
48 49
-3 -2 -1
29 32
-1 1 3
43 48
-4 -1 3
3 10
3 4 5
33 42
-5 -2 -2
15 48
4 5 -1
16 41
-1 -4 3
10 46
-5 2 1
0 25
0 -3 -4
44 47
-2 4 1
23 48
5 -5 4
0 32
5 -3 1
5 10
3 -5 -1
4 20
-2 -1 -5
9 29
1 -4 1
3 44
1 -4 3
23 42
-3 -1 4
46 48
-3 -2 1
4 8
-2 3 -2
11 43
0 2 -2
0 42
2 1 -2
39 42
-4 5 1
3 21
-5 -1 5
35 48
-2 -2 -4
2 30
-3 -3 2
8 43
1 3 -3
26 39
1 2 0
1 38
3 2 0
6 20
-4 -5 -5
22 40
-4 4 5
0 17
-4 5 2
31 44
-5 -5 -2
0 22
5 1 0
16 31
4 0 -4
23 28
0 -5 -4
2 44
-2 0 -4
24 44
-1 1 -3
12 34
3 -5 -3
19 38
-3 -1 0
14 35
-1 3 0
13 44
-4 4 2
7 15
-5 5 4
37 43
-3 3 2
34 46
-1 -3 -5
2 18
4 5 2
27 45
-4 3 -3
1 32
4 0 4
27 33
-3 1 -1
16 36
-5 2 5
3 13
-5 0 5
9 16
2 -2 1
8 15
-5 -4 4
19 22
1 1 -2
21 48
-3 3 -5
17 23
-5 -3 1
16 46
2 -5 5
38 40
-4 5 0
2 34
-5 1 2
7 46
0 5 -3
40 49
1 2 -1
11 17
1 2 -2
4 32
4 3 5
8 44
3 -3 3
16 42
-4 -2 -4
9 26
0 -2 -5
26 47
2 -5 -3
13 40
4 1 4
21 46
2 -3 -1
20 41
-5 -5 0
18 41
0 -3 -3
18 24
4 -5 3
7 48
4 3 -5
5 34
-3 3 4
3 19
-5 5 3
4 45
-5 1 0
13 33
4 -1 -5
13 46
1 -4 1
12 30
2 3 1
33 36
-5 0 4
32 38
-3 3 -5
25 33
2 3 -4
2 47
0 -5 2
6 47
4 2 0
16 45
5 4 1
24 27
-3 2 -5
28 40
-1 3 0
4 35
0 1 -5
13 41
2 1 -2
21 32
-5 -4 -3
0 27
-1 -4 2
0 38
-4 3 -4
15 34
3 1 4
14 42
-1 4 2
9 30
0 0 1
4 40
-5 2 2
20 45
-2 1 0
1 3
-1 4 0
10 39
-5 -1 0
1 46
4 3 -3
35 41
3 5 5
1 26
-2 -1 1
37 42
5 1 -2
10 12
-5 -3 -4
4 42
-2 0 -2
6 36
1 -5 -2
5 13
-1 -4 3
5 18
4 5 3
27 37
-1 -4 2
31 35
5 3 1
17 29
-1 5 -5
5 39
-4 -1 -5
31 37
4 4 4
29 43
-2 -2 5
15 46
3 5 4
29 36
2 -1 2
11 36
0 -2 -5
3 49
-3 4 -5
14 24
-4 3 -2
10 47
3 1 -4
22 48
4 3 -1
1 15
2 -2 3
10 37
-5 4 1
13 28
-3 -1 5
38 41
3 1 -3
38 45
3 0 -2
6 15
-4 -1 -1
16 32
-4 2 -5
25 37
-1 2 -3
25 36
0 1 -4
7 45
4 -4 0
30 42
-4 0 -5
34 38
-3 5 1
5 40
-5 -4 1
12 24
2 -2 -5
12 16
-3 1 -4
4 21
5 -5 2
13 36
4 -4 4
3 32
-3 0 4
32 34
1 -1 -3
17 45
-5 1 -4
22 39
4 -2 -2
11 48
5 2 -5
0 45
5 5 -5
17 46
0 -4 -1
8 26
0 3 -1
8 16
4 5 0
10 22
1 -4 -3
45 48
-2 0 -1
13 27
5 3 0
12 43
1 -2 1
30 39
-1 -5 -3
41 42
4 -3 5
4 47
3 -5 -3
22 24
0 -2 5
14 44
3 -4 -5
17 21
4 -5 -3
27 31
5 -3 4
32 49
-3 -1 4
4 30
4 3 -2
33 47
-5 -3 -5
23 45
5 1 -5
13 21
-4 2 5
9 32
-2 -1 2
1 34
-3 5 -1
11 45
1 0 -4
9 20
-4 2 -4
23 25
-4 -1 -2
30 31
3 -4 1
20 48
-5 -3 -5
7 28
3 2 3
6 16
-4 3 -3
8 13
1 2 0
35 42
-2 -5 1
10 42
-5 3 -1
25 29
1 -3 3
0 6
2 2 -5
7 38
-5 2 3
12 41
-1 5 4
17 36
-2 2 0
32 48
0 1 2
29 45
0 -1 3
20 26
0 0 0
16 26
4 -5 -5
10 23
2 -1 3
3 40
-5 -4 2
15 36
-5 3 -2
18 43
0 2 1
43 46
-1 0 4
14 28
0 -1 2
0 46
4 1 2
21 27
-4 -5 2
8 28
0 0 -2
29 42
-5 5 -3
5 7
4 4 -5
35 46
0 -4 2
33 34
-2 -5 -3
12 36
-1 2 3
39 46
1 2 -4
10 26
-2 -5 0
10 43
-2 -5 -5
7 37
-1 -5 1
5 21
-4 4 0
4 38
1 4 -1
1 39
-3 0 1
8 21
4 1 -2
14 48
-1 4 -4
12 29
-1 -3 -3
3 11
-5 1 1
17 27
0 0 -2
31 43
2 1 5
2 16
5 0 3
31 41
-5 1 -5
32 41
4 0 -3
6 25
-5 -3 -4
23 44
1 4 1
5 48
-4 0 1
23 41
1 -1 5
29 39
-4 -1 4
8 29
0 -4 2
19 43
4 -4 -1
2 8
-2 4 1
1 2
-2 -2 -4
36 43
4 2 -5
1 17
-3 -5 -5
9 38
2 0 3
10 18
4 -2 4
0 13
-1 -3 -5
6 12
-2 -1 1
2 38
-2 -5 -2
42 49
5 1 1
1 49
0 1 3
10 13
0 0 1
23 32
4 1 -5
7 34
3 -4 1
14 20
-3 -4 4
32 39
-5 -3 0
0 34
4 2 -3
21 38
3 -5 -1
17 25
4 3 2
4 7
-3 1 0
6 23
-2 -2 4
9 22
-4 2 5
32 40
0 -5 -2
0 14
1 4 0
25 27
-5 1 -5
