50 245 
0 F -50 50
1 F -50 50
2 F -50 50
3 F -50 50
4 F -50 50
5 F -50 50
6 F -50 50
7 F -50 50
8 F -50 50
9 F -50 50
10 F -50 50
11 F -50 50
12 F -50 50
13 F -50 50
14 F -50 50
15 F -50 50
16 F -50 50
17 F -50 50
18 F -50 50
19 F -50 50
20 F -50 50
21 F -50 50
22 F -50 50
23 F -50 50
24 F -50 50
25 F -50 50
26 F -50 50
27 F -50 50
28 F -50 50
29 F -50 50
30 F -50 50
31 F -50 50
32 F -50 50
33 F -50 50
34 F -50 50
35 F -50 50
36 F -50 50
37 F -50 50
38 F -50 50
39 F -50 50
40 F -50 50
41 F -50 50
42 F -50 50
43 F -50 50
44 F -50 50
45 F -50 50
46 F -50 50
47 F -50 50
48 F -50 50
49 F -50 50
32 47
2 -5 0
0 26
2 1 -4
7 38
3 0 3
4 16
-2 -2 -1
23 28
3 3 5
5 31
5 1 3
7 15
0 1 -1
1 18
-2 -4 -2
14 27
-1 1 5
9 22
-1 5 -4
39 44
5 -4 5
20 38
5 -5 -1
3 33
2 -5 1
43 49
4 0 0
2 43
3 3 3
10 40
-2 -4 2
37 38
0 1 -2
16 35
-5 -2 -1
40 48
1 0 -3
27 43
3 -4 -5
28 49
-3 0 -3
0 21
-5 1 4
0 14
-2 5 -4
12 19
-1 4 -2
7 19
0 5 2
3 43
2 3 1
30 48
1 1 0
22 47
-5 -4 -4
34 37
2 -1 -4
0 11
-2 -2 0
4 39
1 -1 5
26 37
5 0 -1
30 37
5 4 0
25 27
-2 1 -1
33 45
1 -1 -2
8 45
1 -5 0
31 36
3 2 -4
26 31
-1 -5 2
4 26
-2 3 -5
19 47
4 0 -5
1 23
1 -5 3
12 24
2 -3 2
6 28
1 -2 -3
36 42
5 2 -1
46 49
2 2 3
17 30
-1 -1 4
13 42
-3 1 2
29 49
5 3 0
2 41
-4 -3 3
1 32
-5 -1 -4
28 48
4 2 3
15 38
5 -5 -2
7 24
-2 3 1
5 42
3 -2 -1
20 41
-4 3 -2
24 49
-4 1 1
6 31
-5 -3 2
45 47
-3 5 5
36 41
-3 0 4
25 48
-1 -5 2
2 20
1 -5 -1
12 14
0 4 -4
3 15
3 -3 -3
9 18
-2 -5 2
10 38
-3 -3 5
33 35
1 2 2
14 22
0 -1 -2
22 43
-2 -3 1
7 35
-5 4 5
5 28
-4 -5 -1
6 20
-1 -4 -5
16 33
-1 -5 5
4 46
1 -3 2
18 31
-5 2 -2
21 24
-2 2 2
5 9
1 1 -5
9 41
4 4 -5
11 18
-4 4 -5
9 16
3 -2 3
7 13
-3 -5 -3
19 23
-1 0 1
20 29
-1 -4 -2
41 45
1 5 -3
8 20
0 2 2
18 43
-1 1 -5
9 30
-1 -1 2
3 9
-3 -3 0
25 30
3 3 -4
28 44
-2 2 0
0 12
-4 -4 -4
10 14
-1 3 -4
4 35
4 -1 -4
4 42
4 -1 3
1 7
-3 1 -2
7 9
-5 -4 -1
17 22
-3 2 2
10 44
-3 1 -1
9 23
1 3 -3
31 39
-3 -1 0
24 35
0 2 -1
12 37
2 3 0
24 41
2 -5 -1
34 49
4 -4 -2
43 48
4 4 -4
8 49
5 4 3
21 41
1 0 -5
11 48
-1 -5 0
42 44
-3 5 -2
4 47
2 1 0
7 47
-1 -1 5
8 23
2 -3 2
6 23
-3 -4 3
17 41
5 0 -3
24 30
1 1 5
17 18
-5 1 -5
2 11
-1 2 5
2 5
5 4 1
16 41
-2 -1 -2
0 48
1 -5 -4
33 39
5 3 4
34 41
-3 -5 1
1 3
2 5 -5
0 17
5 -5 5
13 39
-2 1 3
25 45
-5 3 0
12 30
-1 0 -3
0 37
-3 5 -3
17 36
-5 0 -2
42 43
-3 -1 -3
6 25
5 -3 -3
35 41
0 -5 -2
28 40
-4 -4 -1
37 45
-2 -1 -2
0 19
3 1 1
29 40
-3 -1 5
27 41
1 -4 0
18 49
5 0 0
12 22
3 4 -3
2 10
-3 5 2
6 40
-3 3 3
36 47
3 4 3
3 22
1 0 -4
31 42
-1 1 2
4 28
3 4 2
25 31
5 5 1
18 35
-4 -4 -5
15 35
3 5 -5
39 48
-4 4 -1
44 46
-2 1 -3
32 46
3 2 -4
9 17
4 -5 4
0 4
0 -2 2
39 45
2 0 -4
28 29
4 -4 1
12 38
-2 4 3
9 46
-4 -1 -4
35 48
2 4 0
31 41
-4 4 -2
21 25
4 2 -5
21 30
-3 -5 0
2 40
2 3 -1
6 21
5 4 -1
29 46
-2 -3 -5
8 27
5 3 -4
16 28
4 0 0
3 39
-2 4 1
7 33
-3 1 1
12 13
-1 1 1
25 32
3 -5 3
7 8
4 5 -3
7 32
-5 5 4
10 20
5 -1 -5
41 49
-5 5 4
40 47
-4 -2 -2
15 27
0 -4 3
3 34
2 5 1
20 47
-4 2 -4
11 37
2 4 -4
30 32
0 0 1
8 18
4 5 -4
24 44
5 -4 -4
33 42
0 3 2
25 35
0 1 3
33 36
3 3 -3
24 38
-3 3 -2
1 34
2 5 4
18 34
5 -2 -5
3 17
-3 1 1
32 40
2 1 -5
43 45
2 5 3
10 22
1 0 1
2 28
3 -3 -4
6 36
-1 -2 0
13 24
4 1 3
25 40
-1 5 4
39 46
-4 -3 4
11 20
1 0 -5
6 44
5 -1 -3
16 27
-2 -1 -5
20 40
4 3 5
14 17
-2 -2 5
35 36
3 -3 -2
1 46
-4 3 2
8 19
-3 2 3
5 46
5 3 2
15 46
-2 -4 3
12 42
2 1 2
3 13
-1 1 5
28 46
-2 -2 5
23 49
1 1 3
2 24
2 4 -1
8 30
0 -1 5
10 12
-5 -5 -5
10 41
-1 -2 -1
24 34
3 -1 4
9 29
2 -1 -1
22 38
5 -4 2
9 15
0 -4 5
8 17
-1 -3 -1
13 45
0 1 -2
16 39
0 3 3
8 29
-5 5 2
24 43
-5 -1 -2
14 48
-1 -3 4
3 12
0 3 0
5 34
1 1 -4
31 44
-3 -1 -4
20 36
2 -1 1
13 38
-1 5 -4
20 32
4 -2 -4
0 13
-3 5 -3
20 23
-5 -5 -3
31 48
2 4 2
39 42
-5 2 -4
16 48
2 -4 -2
3 38
5 1 -2
21 36
-3 3 2
2 14
-2 -3 -4
15 47
0 5 1
22 32
4 4 5
29 43
5 2 -1
13 27
2 -4 5
10 16
-5 -1 -2
2 27
4 -1 -3
2 31
-2 -2 -2
