50 245 
0 F -50 50
1 F -50 50
2 F -50 50
3 F -50 50
4 F -50 50
5 F -50 50
6 F -50 50
7 F -50 50
8 F -50 50
9 F -50 50
10 F -50 50
11 F -50 50
12 F -50 50
13 F -50 50
14 F -50 50
15 F -50 50
16 F -50 50
17 F -50 50
18 F -50 50
19 F -50 50
20 F -50 50
21 F -50 50
22 F -50 50
23 F -50 50
24 F -50 50
25 F -50 50
26 F -50 50
27 F -50 50
28 F -50 50
29 F -50 50
30 F -50 50
31 F -50 50
32 F -50 50
33 F -50 50
34 F -50 50
35 F -50 50
36 F -50 50
37 F -50 50
38 F -50 50
39 F -50 50
40 F -50 50
41 F -50 50
42 F -50 50
43 F -50 50
44 F -50 50
45 F -50 50
46 F -50 50
47 F -50 50
48 F -50 50
49 F -50 50
8 47
3 -4 5
19 26
2 3 -5
19 46
0 -5 -2
4 18
2 2 -5
36 46
3 -4 -5
23 31
1 -4 3
0 3
2 2 -3
21 37
-3 3 -3
10 39
4 -2 -3
24 26
0 1 2
1 10
0 5 2
32 48
2 -3 3
18 46
-2 1 1
20 46
-2 -4 5
3 40
-4 -4 -5
27 49
-3 4 5
38 39
1 3 -2
8 16
3 0 -4
19 43
1 -1 -5
12 14
3 1 -3
4 45
5 -5 -5
15 44
2 -1 -4
6 37
1 -2 4
7 29
-5 2 0
5 13
-2 2 4
17 22
-2 -1 -3
17 26
-3 5 -1
3 44
-5 -2 -2
1 16
2 -5 1
7 16
3 0 3
10 25
2 1 -3
9 42
-3 -1 -4
4 39
5 2 -2
7 14
-3 2 3
38 44
-3 4 -2
16 28
2 2 -5
34 44
-1 -4 3
2 6
-5 0 -4
2 31
4 -2 1
23 38
-3 -2 0
5 21
0 -4 4
22 32
-3 -2 4
42 47
0 4 2
11 18
-4 -5 -3
35 42
-3 5 -5
16 41
1 4 -1
21 30
-1 -2 0
22 27
-2 3 5
33 37
-1 2 -3
32 33
5 -2 -5
24 36
-3 1 0
31 47
1 -2 5
7 45
3 5 -5
38 45
4 -1 0
31 35
1 2 -4
10 31
-1 -5 1
20 47
0 3 1
16 25
5 0 -2
11 35
-1 2 4
4 48
4 -5 1
14 44
-4 -5 4
35 43
-2 -4 -1
9 26
4 -1 0
32 39
-1 -4 0
13 43
5 -5 -4
27 35
-2 1 -1
5 42
0 5 -2
36 47
2 5 -1
22 45
-4 4 5
2 15
4 2 0
28 29
3 -2 -4
8 12
2 0 1
39 43
4 -2 1
29 42
2 2 3
7 27
2 3 -1
11 20
-3 5 4
2 16
3 0 1
21 39
4 2 5
4 22
-3 -1 -5
1 37
-1 5 4
21 28
2 -2 -2
5 39
-5 -4 -4
43 46
3 4 1
14 34
5 0 3
18 38
5 5 -2
0 17
2 2 1
24 49
-3 -5 2
16 37
3 5 4
1 45
-2 -4 1
16 44
3 -4 5
5 22
-2 1 5
14 26
-1 5 3
9 23
-2 4 1
18 42
4 1 -2
27 31
-3 -4 2
9 20
5 -1 0
13 19
3 -1 4
27 47
2 0 -2
28 36
1 3 -5
9 46
-2 2 -1
35 44
2 0 -4
14 41
-2 -1 -5
7 17
-5 -2 2
4 27
2 3 1
13 23
-2 -3 -3
8 9
-2 -3 1
20 30
-3 2 3
21 36
2 -4 0
23 30
-4 -4 2
17 28
-5 0 -1
2 39
-5 -1 3
0 37
-1 -2 -3
10 26
5 -5 -2
22 36
5 1 -1
15 34
0 -1 4
14 43
-2 5 -4
35 39
-2 -3 0
20 43
5 -4 -3
31 46
-2 -5 0
0 38
3 3 -5
29 36
0 -4 -1
12 40
2 -2 -5
13 40
4 -4 -5
21 27
-2 1 -4
3 24
-5 3 4
18 31
0 -2 -3
20 31
-3 2 5
6 12
-1 3 3
15 19
-4 2 1
25 36
2 2 -2
30 36
-3 -5 -5
1 9
5 -2 1
30 45
3 -1 2
9 47
-3 3 -5
15 49
2 -5 0
0 40
5 -3 5
0 47
4 -5 -2
23 41
2 3 -3
36 43
-1 -2 4
3 7
-4 -2 5
42 48
-3 -3 0
37 43
-5 3 -4
25 28
1 -4 2
13 32
-1 1 3
22 24
-1 4 0
31 36
-1 1 -1
28 49
-1 3 -5
11 37
-2 -1 -1
39 47
-2 2 -3
1 41
0 -5 3
18 19
5 -5 -3
6 40
-2 -3 -3
9 49
-5 -4 5
13 20
-2 4 -2
30 42
-3 1 -2
13 37
-3 -1 5
10 21
1 2 -4
24 25
-5 1 -4
6 29
3 -5 1
15 43
-5 -3 2
2 40
5 -5 4
9 22
5 3 0
26 46
-5 3 -5
38 41
-1 2 3
5 20
-1 0 -5
7 43
-4 -2 4
2 20
4 -2 4
17 42
-5 4 -1
5 33
4 -5 1
32 49
4 -5 3
36 44
-4 -2 3
19 48
1 -4 -4
18 34
-1 1 0
23 49
5 -3 4
14 18
-1 4 -2
29 37
-2 -1 -5
28 44
-1 5 1
12 26
-5 1 -1
11 15
-2 4 3
19 47
3 -1 3
25 49
-4 1 4
15 20
-3 1 -2
6 47
-2 -4 -4
4 5
4 5 4
13 14
3 1 -4
4 33
-3 1 -5
0 34
-5 -5 1
12 20
3 -2 -3
8 36
-4 -5 1
42 45
-5 -2 3
25 35
-2 2 2
20 49
0 0 5
7 42
-4 1 0
29 47
-2 1 3
8 38
0 -3 -5
5 29
-4 1 -2
4 47
5 0 2
2 3
-2 0 -2
4 34
4 -4 1
13 27
4 5 -5
11 33
-1 -4 -4
1 34
2 -3 5
17 48
-2 0 -5
22 40
2 0 4
5 7
0 0 -5
5 10
3 -3 5
2 33
3 -3 2
6 42
2 -1 3
0 45
0 1 4
19 20
2 5 -2
32 34
-2 1 5
2 17
1 0 1
19 24
-1 3 -3
4 46
3 3 -5
15 23
-1 -2 -3
1 2
3 0 1
21 31
-4 0 -1
1 25
2 -4 -4
26 36
4 -1 -4
12 13
0 3 -2
3 43
5 -2 -3
0 9
2 -1 4
5 14
1 5 -5
30 38
5 -4 3
24 44
-5 2 2
14 25
-4 -3 1
10 16
3 -1 4
16 43
-3 0 5
2 35
-5 4 -2
14 45
-3 3 -2
29 45
0 0 2
0 5
-2 2 -2
1 43
4 -4 3
13 17
-1 -5 2
39 45
2 4 2
13 33
-5 -3 2
16 19
-4 -2 3
2 42
-5 -1 -4
16 39
-2 -2 3
7 36
4 -4 3
14 20
-4 1 -1
18 49
-4 3 -4
26 47
-2 -2 2
23 48
3 -5 3
30 39
-4 -2 -2
