50 245 
0 F -50 50
1 F -50 50
2 F -50 50
3 F -50 50
4 F -50 50
5 F -50 50
6 F -50 50
7 F -50 50
8 F -50 50
9 F -50 50
10 F -50 50
11 F -50 50
12 F -50 50
13 F -50 50
14 F -50 50
15 F -50 50
16 F -50 50
17 F -50 50
18 F -50 50
19 F -50 50
20 F -50 50
21 F -50 50
22 F -50 50
23 F -50 50
24 F -50 50
25 F -50 50
26 F -50 50
27 F -50 50
28 F -50 50
29 F -50 50
30 F -50 50
31 F -50 50
32 F -50 50
33 F -50 50
34 F -50 50
35 F -50 50
36 F -50 50
37 F -50 50
38 F -50 50
39 F -50 50
40 F -50 50
41 F -50 50
42 F -50 50
43 F -50 50
44 F -50 50
45 F -50 50
46 F -50 50
47 F -50 50
48 F -50 50
49 F -50 50
8 41
0 4 -4
37 42
2 -2 0
15 32
-2 4 2
10 34
1 -3 0
1 21
2 4 2
13 29
-2 3 -2
41 43
-4 0 1
1 45
-1 -2 -1
15 44
-3 -2 -2
16 42
-5 -5 0
6 19
0 -5 1
24 49
1 -2 5
38 49
4 3 4
2 10
2 2 2
13 26
-4 -3 1
10 45
3 4 5
30 31
3 -5 -1
1 16
3 -2 -3
22 43
-2 1 -1
33 40
-4 -5 3
8 48
1 -2 1
26 49
3 0 1
0 7
-5 3 2
7 37
0 5 2
21 32
-4 -3 1
40 41
2 -1 -1
6 32
-1 1 2
2 22
-3 0 4
14 30
2 0 5
12 28
0 5 -1
14 38
-1 -2 -1
31 40
-3 -4 4
11 37
4 -5 5
13 17
1 5 3
35 38
4 -3 0
19 47
-2 2 -3
18 31
-2 2 5
4 15
5 -4 1
10 28
-5 -3 -2
32 36
3 -5 5
27 35
0 -2 -5
9 41
-1 2 0
25 40
3 3 0
3 42
1 3 -5
26 46
-2 -1 4
11 39
1 -1 -2
8 20
3 3 -1
5 9
-5 0 2
23 49
-1 0 -5
18 33
-3 -5 4
11 18
-3 3 -1
12 29
1 -1 2
25 35
-5 1 -5
11 45
5 1 -2
24 35
4 -4 5
4 32
2 0 -1
14 19
-5 5 1
4 28
2 0 3
4 5
-3 -3 0
4 35
-1 -1 -4
0 25
-3 0 0
28 33
3 0 0
1 47
5 -3 -1
1 23
3 -3 0
3 4
3 -4 -4
32 46
0 2 -5
37 43
4 -3 1
10 18
-2 -5 2
23 26
3 0 -1
19 49
2 -2 -3
4 24
-4 -1 -3
4 37
-5 -5 1
4 16
0 3 1
5 30
-4 -1 3
17 25
-4 3 -5
25 43
-5 -2 4
2 13
4 -4 0
4 27
4 5 0
4 42
-4 3 3
23 33
1 -4 5
11 15
-2 0 -1
5 33
-2 -1 3
26 39
4 3 -4
36 42
-1 1 2
2 32
-1 0 5
13 25
3 -3 3
45 46
0 4 2
30 36
5 1 3
2 28
4 -5 0
10 14
4 3 0
8 49
4 -3 -4
3 11
0 -4 1
23 47
-1 -4 5
0 28
4 4 5
28 30
-3 0 -2
12 42
0 -5 -3
23 38
1 -3 0
23 44
5 -5 1
12 21
-2 1 -5
26 34
-3 -1 -5
30 43
5 3 -5
20 35
-1 -3 -1
10 39
-4 -4 1
8 21
-3 3 -4
19 41
-2 -1 -3
14 25
-3 1 -2
5 31
0 -2 4
2 20
-4 -2 -2
2 36
3 -3 4
11 17
0 1 -2
33 34
1 -3 -1
25 34
3 2 3
33 47
0 5 5
41 46
-2 0 0
27 40
2 2 2
3 23
-4 0 -5
35 43
-1 5 0
31 42
-2 3 4
0 37
1 4 -3
8 12
2 5 -1
13 48
0 2 -5
14 41
0 5 4
10 19
-5 -5 2
7 38
-1 -5 2
24 39
-3 -4 -5
16 48
-3 5 3
1 6
1 -5 -1
0 31
5 -3 -2
9 36
-2 1 2
23 43
0 -5 1
30 46
4 0 1
4 18
1 0 2
6 10
2 -3 -1
2 25
4 1 1
7 29
-2 -5 5
19 25
0 -5 5
2 24
-5 2 3
32 35
-3 2 3
10 22
0 2 -2
32 44
3 -3 1
7 42
-2 1 2
0 43
1 5 1
16 40
3 3 -1
22 27
-3 -2 4
3 27
1 -4 -5
15 49
-2 -1 5
24 27
1 2 -5
43 44
2 2 1
25 44
3 0 2
1 8
5 -3 -3
17 33
0 1 -5
6 21
5 -1 -3
44 46
2 4 -3
1 37
1 -5 5
13 49
-5 -5 -5
6 8
1 2 -4
2 9
4 0 5
18 19
1 3 3
1 5
5 -5 -3
1 26
2 -5 4
9 35
-5 -2 5
21 39
-1 2 -1
9 43
-1 2 3
27 41
0 0 -2
18 26
0 0 4
12 45
-1 5 3
13 21
-1 5 -2
40 45
3 -3 -3
17 39
-2 3 -3
18 23
0 2 -4
32 43
1 -2 5
39 45
3 5 -1
34 43
5 3 2
8 33
3 1 -5
35 47
3 5 -2
10 42
2 2 2
6 23
1 -4 0
6 27
-1 3 3
12 26
0 -2 2
27 46
-2 0 -4
19 44
5 -3 -2
23 35
-2 5 4
7 14
-3 1 5
37 45
0 -4 -3
16 45
1 -3 -2
36 49
-2 -4 2
8 31
-4 -3 -3
14 24
-1 2 4
4 29
-2 0 -1
7 41
-4 3 4
20 38
-4 2 0
2 34
-3 -2 -4
6 25
5 -2 2
0 2
-3 5 0
0 19
-4 2 -2
0 11
2 0 1
36 37
3 2 0
0 13
-2 -5 -1
4 31
5 -3 -2
33 44
-2 3 4
39 46
3 -3 -4
7 30
3 -5 -5
29 32
1 1 -3
14 27
-1 5 -1
16 27
-4 -1 2
3 34
4 -2 3
4 11
-1 5 4
25 26
5 3 5
9 28
-1 -5 -4
33 36
-2 2 -3
1 27
-3 1 -4
12 13
-4 1 -2
2 27
2 -5 -1
35 49
-1 -2 -3
11 38
5 -1 1
9 22
-5 2 1
21 41
-2 -3 5
30 49
-2 3 4
39 47
-1 4 1
41 42
-1 3 5
18 46
-2 -4 2
27 45
-2 -3 0
22 48
1 3 -4
21 29
2 0 -2
1 24
3 -3 -4
11 19
-2 5 -2
29 49
5 -4 3
7 8
2 -4 -1
3 14
-5 -3 5
5 16
5 -5 1
5 23
-5 -1 -2
3 35
0 -3 -1
17 18
-2 4 5
0 48
5 5 -2
6 42
5 -1 -5
10 40
3 2 3
20 30
-2 0 0
35 39
1 -5 -3
26 45
3 5 1
4 40
5 -1 -1
2 26
-1 5 1
25 39
1 -2 -2
6 29
3 0 -3
27 48
2 4 3
31 43
-3 1 2
