50 245 
0 F -50 50
1 F -50 50
2 F -50 50
3 F -50 50
4 F -50 50
5 F -50 50
6 F -50 50
7 F -50 50
8 F -50 50
9 F -50 50
10 F -50 50
11 F -50 50
12 F -50 50
13 F -50 50
14 F -50 50
15 F -50 50
16 F -50 50
17 F -50 50
18 F -50 50
19 F -50 50
20 F -50 50
21 F -50 50
22 F -50 50
23 F -50 50
24 F -50 50
25 F -50 50
26 F -50 50
27 F -50 50
28 F -50 50
29 F -50 50
30 F -50 50
31 F -50 50
32 F -50 50
33 F -50 50
34 F -50 50
35 F -50 50
36 F -50 50
37 F -50 50
38 F -50 50
39 F -50 50
40 F -50 50
41 F -50 50
42 F -50 50
43 F -50 50
44 F -50 50
45 F -50 50
46 F -50 50
47 F -50 50
48 F -50 50
49 F -50 50
43 46
-5 1 2
3 42
2 1 3
12 39
0 2 2
6 47
1 2 -2
14 21
5 4 2
36 37
1 3 -4
4 26
-5 -2 -3
47 49
1 3 -2
13 36
2 -2 0
5 43
4 1 -5
35 43
0 5 -1
12 14
5 0 -4
31 35
1 -5 4
7 31
5 -3 -5
5 29
-2 1 4
20 48
4 -2 2
3 31
-4 -2 1
1 16
5 1 1
24 25
5 2 -3
0 20
5 1 4
43 44
-3 -2 -1
18 28
-4 3 1
6 8
3 -2 3
8 42
5 2 -5
17 31
2 2 -4
21 25
-2 2 3
8 19
-2 5 -4
18 34
-4 4 -2
4 36
2 1 -3
11 16
-2 5 -4
9 44
4 -3 0
28 41
-2 -4 -2
7 15
2 0 -5
14 26
-3 -1 5
27 40
-3 -3 -4
40 49
-5 3 -2
8 24
-1 -4 3
17 33
1 1 4
28 46
-3 5 -3
17 22
2 -1 -5
25 48
1 -1 -2
44 45
-3 -1 2
25 32
5 1 2
38 44
-4 3 -5
30 43
3 -3 0
16 18
4 -4 -2
10 35
3 5 -5
2 15
2 -3 3
23 28
5 4 -4
2 37
5 -4 -5
18 41
3 1 -2
17 41
-2 2 1
8 43
1 3 4
33 46
4 -4 -5
22 32
-5 -1 3
20 33
-3 -3 -4
15 17
-5 -2 0
14 28
-3 3 1
11 26
-2 1 -1
4 7
-5 -1 -4
32 36
2 -2 -3
10 22
-1 4 4
43 45
-5 3 4
26 31
1 -3 -2
0 35
-4 -3 -4
16 19
5 4 0
5 35
-4 -5 -3
9 29
-5 4 1
4 21
0 -1 3
12 46
4 -1 3
31 42
-4 -4 -3
39 44
5 2 -2
8 10
-3 1 -5
37 43
-2 -2 2
21 42
4 -4 -5
37 38
-3 -3 -1
14 29
4 -5 -4
13 33
-5 2 4
7 8
-1 3 5
3 19
3 -3 2
19 29
-4 -3 0
32 49
5 5 -4
26 32
-2 1 -2
13 42
-2 4 5
4 20
2 2 -2
14 49
-1 4 -5
4 10
5 2 2
12 20
1 5 2
22 40
-2 2 -1
4 33
2 3 -4
44 49
4 5 1
21 22
-2 5 -4
0 49
-2 2 -2
4 13
-3 -5 -3
27 42
-2 -5 5
26 30
4 1 -2
34 39
4 -5 5
22 35
2 4 2
16 27
1 -1 0
5 25
5 2 1
1 19
4 -4 -4
16 49
0 2 5
38 48
4 -1 -3
16 26
2 3 0
20 37
2 0 5
16 23
2 1 -5
0 2
2 -3 0
11 17
-3 -3 3
11 39
-3 0 -3
4 32
2 2 -4
3 14
1 0 -5
3 10
-2 -2 -4
7 10
-4 -4 4
33 49
-5 4 0
39 46
0 -5 -4
8 17
-2 -1 4
7 32
-5 -1 -1
16 36
0 -2 3
4 41
4 -1 -4
5 28
3 -4 -5
10 27
2 -5 0
5 47
3 1 2
3 27
2 -4 5
24 44
1 -1 -4
8 26
0 -4 3
13 30
2 5 2
20 25
-2 -1 1
11 49
-1 2 3
13 46
-2 1 -4
25 36
-2 -4 2
34 48
-5 -3 2
35 38
-3 -5 2
34 47
1 1 3
6 35
-4 0 2
15 35
1 4 4
1 6
-1 -2 -4
18 27
-4 4 2
14 41
-3 4 3
6 37
1 3 -2
5 42
0 1 -1
19 37
5 -3 -4
28 42
-3 3 -3
0 24
4 1 -2
20 23
0 -4 0
30 36
-2 -2 -3
0 48
-2 -3 1
10 32
3 5 1
39 43
4 3 -3
30 33
-2 -4 4
23 46
-3 -3 3
19 24
4 -5 0
10 18
0 3 2
20 44
5 -5 0
8 14
3 5 2
7 35
-3 5 3
24 45
-1 -4 -5
14 35
-1 2 -4
19 20
-1 2 0
34 42
0 3 0
7 26
-2 -4 -5
2 12
2 5 -4
31 38
4 2 4
16 41
2 -4 -2
16 47
1 -2 4
0 10
5 -1 0
35 44
-2 1 -5
17 19
2 -5 4
15 34
5 -3 2
28 45
-3 4 -2
2 33
4 2 4
30 44
5 4 -2
11 29
3 2 -1
26 48
-4 -1 -4
7 47
1 -4 -2
31 33
-4 4 4
9 12
2 5 -2
8 35
1 4 1
5 46
1 2 0
39 47
-5 -4 -2
0 19
3 3 2
33 42
-2 3 -1
13 40
2 -5 5
45 49
1 3 5
5 15
4 2 -5
10 20
0 -1 1
25 41
-2 2 4
34 49
-2 1 0
2 24
5 2 1
5 38
-5 -5 0
21 48
-5 1 -4
40 47
2 0 4
0 13
-5 0 -2
19 27
-5 -4 5
14 31
0 3 -1
39 45
3 -4 -4
20 26
-5 -3 1
13 22
-3 1 5
2 22
-2 2 3
25 34
5 2 5
0 47
-5 3 2
17 23
-4 -4 -5
24 29
5 -3 -5
31 40
0 -2 5
12 33
-3 1 -1
27 31
0 -1 0
22 23
1 0 -1
44 47
-4 2 2
0 44
5 -5 -4
40 44
4 -5 1
40 48
-1 1 -1
10 12
3 4 5
28 37
0 -4 2
4 46
-3 -5 4
9 49
-3 4 5
9 20
-5 2 3
3 30
-3 -5 -3
6 12
4 2 5
10 13
-2 -2 0
13 32
-4 2 -3
3 37
0 1 3
37 45
1 5 -3
23 35
3 4 -1
10 38
2 1 -5
8 27
0 -3 2
15 18
2 2 -2
5 39
-4 -3 0
7 49
1 2 -1
2 35
-4 5 3
0 37
-1 -1 -1
11 18
-1 5 4
10 31
-1 3 -3
3 25
-4 -1 5
18 43
5 -3 1
6 14
1 2 -2
0 12
4 -1 2
9 40
-4 5 -3
2 43
0 -1 0
0 23
-2 5 4
3 20
-5 5 0
15 40
0 1 0
41 42
4 2 4
1 34
0 -5 -2
5 14
2 -3 -5
31 49
2 -1 -4
2 26
1 4 -3
