50 245 
0 F -50 50
1 F -50 50
2 F -50 50
3 F -50 50
4 F -50 50
5 F -50 50
6 F -50 50
7 F -50 50
8 F -50 50
9 F -50 50
10 F -50 50
11 F -50 50
12 F -50 50
13 F -50 50
14 F -50 50
15 F -50 50
16 F -50 50
17 F -50 50
18 F -50 50
19 F -50 50
20 F -50 50
21 F -50 50
22 F -50 50
23 F -50 50
24 F -50 50
25 F -50 50
26 F -50 50
27 F -50 50
28 F -50 50
29 F -50 50
30 F -50 50
31 F -50 50
32 F -50 50
33 F -50 50
34 F -50 50
35 F -50 50
36 F -50 50
37 F -50 50
38 F -50 50
39 F -50 50
40 F -50 50
41 F -50 50
42 F -50 50
43 F -50 50
44 F -50 50
45 F -50 50
46 F -50 50
47 F -50 50
48 F -50 50
49 F -50 50
1 9
3 -3 -4
41 49
2 3 2
40 41
5 -3 5
28 48
-4 5 -3
21 24
1 2 -1
26 39
0 -3 -4
1 45
-5 -2 5
9 17
1 1 0
21 40
-5 2 -5
19 27
-5 -5 1
20 24
-5 1 -1
11 41
0 -4 5
33 35
2 1 -4
0 12
5 -3 -4
18 39
-1 5 0
6 39
4 4 -4
11 34
3 3 4
0 42
4 2 1
11 36
3 3 4
41 45
1 0 -2
10 43
-4 -3 0
15 23
-4 -4 -1
23 32
5 -1 4
12 27
3 -5 5
7 19
-5 -4 0
10 20
-4 1 -1
0 37
-5 -1 1
27 41
4 -1 -4
6 11
0 -4 3
8 12
-2 3 -3
32 44
3 2 4
20 23
-1 5 2
29 32
5 2 2
27 48
0 -3 5
6 16
0 -4 1
5 25
-1 4 -1
16 35
-1 -4 3
1 46
3 -3 -2
31 41
2 0 0
13 41
4 -4 -4
22 32
-2 1 3
19 47
-4 1 -5
25 39
-5 0 -5
14 46
-2 -1 4
1 30
0 4 0
3 43
2 -1 3
4 41
-1 -4 -4
2 45
-2 4 -1
38 45
1 3 -5
9 19
-1 -1 -4
18 49
0 3 -4
19 43
0 1 -1
20 38
2 -2 -1
15 43
5 2 -2
18 27
-4 5 5
8 13
-5 1 -2
16 21
5 -4 -1
19 36
-3 0 5
10 25
-5 3 1
9 49
1 -5 5
13 20
3 2 -3
26 40
0 -1 4
17 46
4 -1 0
4 13
-1 1 -2
6 7
-1 -4 3
10 12
4 -5 -3
9 46
-2 2 -3
43 44
-3 -3 -1
6 20
-5 -3 4
19 26
3 2 4
6 49
-3 2 -4
3 48
5 -5 4
26 43
5 3 -4
11 44
3 3 2
3 26
-5 0 -1
25 40
-4 -2 3
35 43
4 -5 -3
2 26
-3 -3 4
10 48
4 -3 -3
18 48
0 2 -2
3 17
3 -1 -3
21 49
-5 5 5
22 44
-2 1 -5
13 45
5 0 -1
5 10
0 2 1
14 19
5 5 -3
7 47
2 3 -2
5 35
-4 3 -5
13 32
4 0 -5
4 23
-5 -5 -5
16 36
-5 5 0
8 27
-1 -1 4
5 38
0 -5 2
36 43
2 0 3
6 10
-2 -3 1
40 43
3 -1 -2
39 46
1 4 0
25 38
4 0 2
9 12
-4 0 -2
0 32
4 4 2
1 8
3 0 -3
10 19
-3 -4 3
9 14
2 -1 -2
12 16
4 -5 0
3 24
0 5 -1
10 17
-4 5 1
19 42
4 4 3
14 21
1 5 2
35 40
-1 -3 -2
8 45
4 5 -1
28 38
0 1 -4
10 47
4 1 -3
12 18
-1 -4 -3
44 45
-4 -3 3
5 24
2 3 -4
13 42
4 -3 2
6 29
-2 2 3
0 34
0 5 3
41 46
-1 -5 -3
12 43
1 -3 -2
12 15
-5 2 -3
25 32
0 -5 5
3 10
-2 1 2
5 45
4 4 -4
12 41
-1 5 -5
8 25
0 -3 2
13 48
3 -1 2
26 44
4 1 1
11 31
2 4 4
21 22
-2 0 5
3 15
-3 -4 -3
29 49
1 -5 -1
24 44
5 -4 -1
15 27
4 -3 -5
30 34
4 -3 1
32 45
4 -4 2
7 14
2 2 -3
23 34
-2 5 -3
4 12
-3 -2 3
42 48
-1 -5 4
6 14
-5 2 -2
14 31
3 5 1
23 28
-3 5 5
39 42
1 1 5
8 18
2 -1 -2
9 32
-2 -5 -5
30 35
-2 4 -4
17 43
-1 -1 -4
7 21
2 2 4
1 49
-4 3 -2
15 35
0 -4 -5
42 49
4 5 0
2 37
2 2 3
15 21
-4 -2 5
31 35
1 -5 -5
8 24
-1 -3 4
23 25
1 -1 -1
41 43
2 4 -4
37 41
-5 3 -2
12 39
4 -1 2
27 45
3 5 1
6 42
1 1 5
29 42
4 0 -2
44 47
-5 4 -5
7 37
-5 1 1
22 24
-5 -1 1
14 39
0 -1 -2
3 29
5 -5 -3
3 16
-1 1 -5
0 24
-2 -5 3
7 45
1 -5 1
10 32
4 -4 2
11 15
3 -5 -3
10 18
5 3 5
6 15
-5 1 -3
14 45
-3 5 -4
2 3
-5 -1 1
29 39
4 -1 0
24 38
-1 -5 5
20 47
0 -4 -5
24 25
5 -4 4
12 13
-4 3 3
7 17
-3 1 -3
3 21
-1 5 -3
0 15
2 5 0
10 49
-5 -4 -1
1 10
-4 5 2
0 4
-2 2 1
2 6
3 -3 -1
6 35
-3 3 0
5 28
-1 4 -5
26 29
1 -2 -2
36 45
-2 -4 3
30 49
-3 0 -4
18 42
3 1 3
38 39
3 0 -1
23 24
-3 -5 -4
7 35
1 -5 -5
1 40
3 0 -5
17 44
1 4 5
16 28
-3 -4 1
24 32
-5 -3 4
22 39
-4 -2 4
4 35
-1 0 5
5 17
-5 -3 3
21 26
-5 2 -3
11 49
5 0 3
8 22
0 3 2
6 28
3 -5 -4
45 49
-4 -2 -4
21 44
0 -3 -5
4 10
-4 -3 -1
9 28
4 5 -5
13 34
-3 -4 -2
13 29
1 0 -3
1 37
-1 0 -3
10 35
-5 1 -5
40 48
-2 2 -4
5 44
4 2 -2
10 40
2 -5 4
15 37
3 3 3
43 48
-5 5 -2
43 45
-2 -1 -1
21 32
-1 -4 -1
32 37
4 2 -3
46 47
-3 4 -5
31 40
3 -5 2
8 16
-2 3 0
14 34
4 -3 -1
13 23
-3 -2 -1
25 30
-5 5 -3
15 32
3 -1 5
23 49
-4 0 5
18 22
5 5 -4
7 48
-3 2 -2
9 48
-5 0 -1
7 30
0 -1 4
4 16
0 2 -3
4 8
-2 -1 1
10 46
4 1 -2
37 44
4 -2 2
17 23
-2 0 3
23 29
-2 0 -5
14 41
-2 -1 -4
33 47
1 0 0
