50 245 
0 F -50 50
1 F -50 50
2 F -50 50
3 F -50 50
4 F -50 50
5 F -50 50
6 F -50 50
7 F -50 50
8 F -50 50
9 F -50 50
10 F -50 50
11 F -50 50
12 F -50 50
13 F -50 50
14 F -50 50
15 F -50 50
16 F -50 50
17 F -50 50
18 F -50 50
19 F -50 50
20 F -50 50
21 F -50 50
22 F -50 50
23 F -50 50
24 F -50 50
25 F -50 50
26 F -50 50
27 F -50 50
28 F -50 50
29 F -50 50
30 F -50 50
31 F -50 50
32 F -50 50
33 F -50 50
34 F -50 50
35 F -50 50
36 F -50 50
37 F -50 50
38 F -50 50
39 F -50 50
40 F -50 50
41 F -50 50
42 F -50 50
43 F -50 50
44 F -50 50
45 F -50 50
46 F -50 50
47 F -50 50
48 F -50 50
49 F -50 50
12 48
4 5 2
9 22
-3 4 1
18 24
2 3 3
13 45
-2 -1 3
21 30
-4 4 4
38 39
4 4 -5
12 23
1 -2 -5
23 31
5 0 5
13 14
5 -4 3
23 41
5 3 -1
40 41
5 3 5
13 28
3 -4 -3
17 46
0 -2 4
1 47
0 0 -5
10 11
3 -5 0
12 47
5 -1 1
22 24
-5 -5 1
23 46
-1 2 2
10 15
0 0 -3
2 43
1 1 1
23 43
-2 2 -2
19 30
5 -4 5
26 46
0 -5 5
0 17
-3 0 3
46 49
-2 -3 -1
20 26
3 -1 4
19 37
2 2 4
8 32
2 3 5
6 36
4 -5 -2
16 19
2 0 2
23 34
-3 3 1
8 37
4 -4 1
8 29
-2 4 0
6 28
3 -3 3
11 41
0 4 -1
18 32
-5 5 -1
13 35
-1 3 -3
11 35
5 -1 1
4 7
3 0 3
19 44
0 1 4
9 39
-1 -5 1
11 16
-1 -4 -5
5 31
5 0 -2
25 31
-3 4 0
17 42
-1 -2 -4
33 45
5 4 2
3 14
-5 5 -3
7 39
-2 0 -5
4 27
-1 0 1
0 2
-4 -3 2
18 41
1 5 -1
14 49
2 -3 4
25 42
0 0 5
7 46
0 -2 -2
6 23
-3 -4 2
25 29
0 4 4
29 46
-4 -1 1
27 47
-4 4 -3
22 26
4 -5 -3
6 24
-3 -3 1
11 49
1 -4 -4
13 19
0 -5 -5
45 48
5 -1 -2
18 46
-2 -4 3
5 11
0 -2 -5
35 42
3 2 -4
7 37
-1 5 1
16 24
-4 0 -3
3 15
2 -4 3
0 27
-4 4 3
28 45
3 -4 -3
10 22
-3 5 -5
24 39
4 3 -1
16 20
5 -4 -1
22 43
-5 5 3
15 28
0 5 -5
3 40
-2 -5 -3
10 19
-2 0 -2
39 45
4 5 5
22 28
5 5 -2
11 17
0 -3 -4
21 31
-2 5 3
15 33
3 5 -5
38 48
0 1 -3
13 30
3 1 -1
37 45
-1 3 -2
20 31
0 3 -5
6 38
-4 -5 -2
4 16
3 -2 -4
32 38
5 0 2
6 46
-5 2 -4
8 42
5 4 3
1 31
-1 -5 2
4 6
0 -5 -2
41 42
-3 -1 1
35 40
3 3 -1
22 32
2 -1 -2
8 18
-3 1 5
20 24
-3 5 2
15 16
1 5 -4
0 30
-3 -3 -2
15 18
-5 -1 -5
44 47
-2 3 -5
31 36
3 -4 5
31 40
-1 -5 -5
31 42
-3 4 4
1 4
2 3 -5
25 49
-4 -4 -5
11 28
-5 5 5
5 10
1 0 -4
3 48
-5 -1 -5
9 26
-3 2 0
16 33
4 1 -5
12 33
5 3 2
28 40
-4 -1 0
15 41
-2 -5 -5
3 49
0 -4 -1
4 40
-3 1 2
4 31
-5 -4 -4
0 7
-5 1 1
11 12
5 -5 -3
1 21
1 -4 0
8 39
-4 -5 -3
1 24
4 0 5
7 31
2 2 -2
4 20
-3 0 -1
16 18
3 2 -3
8 36
-4 1 3
30 34
-4 -2 -2
12 37
-2 -4 -5
17 35
-4 0 4
25 35
-4 -3 -1
14 41
-3 3 -2
21 23
-4 4 4
22 45
0 0 -1
18 27
2 3 -3
25 41
2 4 4
25 33
5 3 1
4 23
-4 -2 5
6 34
2 3 -3
28 46
0 1 1
13 37
2 1 5
5 6
4 4 2
35 49
5 0 -1
5 18
-1 2 1
21 34
0 2 -2
31 48
0 2 -3
0 19
0 2 4
4 14
4 -3 0
6 25
-2 1 -2
1 37
4 -4 -5
20 21
1 -4 -4
37 48
2 5 -2
15 24
3 -2 -5
25 28
-2 3 5
23 45
-5 -4 -3
16 32
0 0 5
0 28
5 0 2
10 21
4 0 3
14 20
-2 -4 -4
19 49
-2 -3 -1
23 24
3 -3 -5
21 49
2 5 3
3 6
4 2 5
10 34
-2 3 2
7 14
2 -3 3
24 36
5 -2 4
32 49
2 4 2
45 47
-4 -1 1
2 39
-2 -2 -4
2 15
-5 4 4
18 39
3 -5 3
9 35
-3 -1 -5
11 34
-1 -4 -1
7 22
2 -5 2
20 46
-5 4 3
13 24
5 4 -2
1 32
-2 -2 0
4 19
-2 5 -3
29 40
4 -5 2
1 35
5 -2 -4
39 43
-5 0 -2
13 15
4 2 2
25 47
5 5 2
20 43
-1 -3 -5
9 38
-1 5 -3
0 10
5 5 -5
10 30
-5 -2 3
22 36
3 -2 3
6 7
-3 4 5
12 31
4 4 -5
5 41
4 1 3
14 28
5 2 -5
3 5
2 5 3
0 38
-2 0 0
1 41
1 -1 -1
35 38
1 -1 -5
3 11
-4 -1 3
35 48
-1 -5 -3
27 44
4 -4 2
2 26
-1 -5 -1
9 49
-2 -3 0
1 15
-4 -3 -2
7 43
-2 -4 -3
27 31
4 0 1
4 25
2 1 -4
2 33
-1 1 5
24 29
2 1 -2
37 39
-5 3 0
17 31
5 1 3
21 36
1 1 0
5 46
-3 -5 5
5 26
5 -2 2
1 25
1 -3 -2
37 46
3 2 0
7 47
4 3 0
20 34
-1 3 4
18 47
4 3 0
12 45
-3 -5 3
9 42
5 2 3
4 9
5 -2 -4
44 49
0 5 -1
4 48
-2 2 0
6 44
1 0 1
0 13
1 0 0
1 30
-3 4 4
34 35
-4 4 -1
17 36
4 1 -5
40 48
5 -5 1
1 6
3 -2 -2
21 47
-3 -4 5
13 49
-3 -2 -2
15 46
0 -3 -1
4 28
4 3 0
7 10
-4 3 -5
0 23
0 5 1
12 36
4 2 -3
18 33
5 1 1
10 17
5 -5 1
7 21
0 2 -3
0 29
4 -1 -5
16 30
-1 0 -1
40 45
4 -3 -1
6 43
-1 -5 4
26 28
-1 -4 0
