50 245 
0 F -50 50
1 F -50 50
2 F -50 50
3 F -50 50
4 F -50 50
5 F -50 50
6 F -50 50
7 F -50 50
8 F -50 50
9 F -50 50
10 F -50 50
11 F -50 50
12 F -50 50
13 F -50 50
14 F -50 50
15 F -50 50
16 F -50 50
17 F -50 50
18 F -50 50
19 F -50 50
20 F -50 50
21 F -50 50
22 F -50 50
23 F -50 50
24 F -50 50
25 F -50 50
26 F -50 50
27 F -50 50
28 F -50 50
29 F -50 50
30 F -50 50
31 F -50 50
32 F -50 50
33 F -50 50
34 F -50 50
35 F -50 50
36 F -50 50
37 F -50 50
38 F -50 50
39 F -50 50
40 F -50 50
41 F -50 50
42 F -50 50
43 F -50 50
44 F -50 50
45 F -50 50
46 F -50 50
47 F -50 50
48 F -50 50
49 F -50 50
34 47
2 2 1
22 35
-5 2 0
32 47
-5 -3 2
24 46
-2 1 0
30 37
-1 -2 3
40 47
0 0 5
29 34
1 -3 -3
21 32
2 4 -1
7 31
-4 3 5
1 3
1 5 -2
13 33
-2 -4 -5
29 43
-3 -3 3
3 11
0 0 -4
14 17
2 2 -3
24 48
-5 -5 2
6 29
5 -1 -1
16 26
-5 4 4
12 20
4 -5 -5
34 45
5 5 4
39 45
-3 -3 -1
16 33
0 -3 3
3 38
-2 -3 -5
0 24
2 1 -5
22 46
-2 -4 -4
7 34
5 2 2
23 32
-5 -2 0
4 46
-1 -5 -1
32 33
-5 -1 1
13 41
3 5 3
14 47
-4 0 0
7 24
5 5 -4
32 38
-2 -4 -3
7 20
2 3 3
14 42
0 -4 3
3 25
-4 5 -4
5 34
0 2 -5
41 44
-2 3 2
15 36
3 2 1
9 42
-3 -5 -2
2 7
2 -1 -1
27 34
1 2 5
6 8
4 4 3
30 43
0 -3 -2
36 44
-3 1 -3
7 10
-1 5 3
18 47
-4 5 4
13 49
0 4 5
5 28
0 -2 1
19 20
0 -5 -4
23 48
4 -1 -1
7 12
-2 3 4
13 30
-5 0 -5
24 29
3 5 -1
5 13
2 2 3
10 43
5 1 3
23 27
-2 -2 5
5 44
-4 2 -3
17 48
-1 -5 -2
10 33
5 2 3
20 38
-5 1 1
2 13
0 5 -4
28 40
-5 5 -5
16 35
-1 0 3
15 40
-4 5 5
22 23
3 1 5
3 47
-2 0 2
24 28
-1 -1 -4
18 24
-2 1 5
7 28
-3 5 0
12 15
-1 4 -3
6 48
4 -2 -3
40 41
0 -1 4
1 18
2 0 -2
26 48
-4 4 5
14 15
-1 -2 3
33 39
2 2 1
6 47
0 -5 -5
15 42
1 -5 2
23 41
5 3 4
30 39
-1 5 3
1 11
5 -1 -5
13 18
1 4 5
2 44
-5 0 -4
33 45
0 1 -4
26 43
-3 -2 0
3 26
-5 1 -4
14 45
2 1 1
38 46
3 4 3
31 35
-2 -2 2
23 46
5 5 1
5 31
-1 1 -4
26 37
3 4 0
27 31
2 5 4
9 17
4 5 -1
8 27
-4 4 -2
29 30
0 4 -4
40 44
-4 0 4
30 31
-3 1 5
11 39
3 -4 5
25 32
1 5 -4
4 17
-5 -2 2
26 45
5 2 -1
8 30
-2 2 -4
14 41
2 5 -5
21 33
3 -2 2
1 43
4 2 -2
6 36
3 2 -3
1 33
3 -2 1
33 43
0 5 5
38 39
-2 1 -2
24 34
3 3 5
2 40
5 -5 5
2 14
-3 -2 2
13 35
5 -5 0
26 30
-5 -2 -5
18 49
5 0 0
17 40
0 4 -1
18 30
-1 -2 -4
0 14
-5 -5 3
6 20
0 -3 2
17 38
1 -3 -5
0 35
-2 5 2
32 42
-2 1 3
16 47
-5 2 0
2 3
-4 -5 0
9 46
-5 5 4
20 22
-3 -3 4
5 9
3 -3 3
13 37
4 -2 2
3 49
5 3 -3
20 27
4 0 -2
15 47
5 5 5
4 34
4 -5 0
12 45
-3 -4 2
1 35
3 -2 -3
15 41
-5 -1 4
22 30
-3 4 -1
19 38
0 -2 2
0 4
3 1 1
22 39
-3 -1 5
12 40
3 3 -4
30 48
-3 3 4
0 1
0 -5 4
2 24
0 -2 -4
2 15
1 2 4
0 7
-1 -3 2
7 19
-5 0 0
14 44
0 2 1
13 45
5 -2 -1
0 47
-1 -3 -1
3 10
-3 0 -4
12 29
-4 -2 1
3 15
2 -5 2
1 30
1 -2 3
5 46
4 -5 5
25 37
-1 -3 -2
8 35
3 -4 -1
31 42
-4 -2 3
21 47
5 -4 -3
0 16
4 3 4
8 37
3 5 -5
1 41
-3 3 4
11 26
1 -2 -3
13 40
1 -1 1
9 24
1 1 -5
2 10
1 2 4
15 27
2 -1 5
23 38
5 2 -3
19 31
4 4 2
10 45
0 1 -4
34 42
0 -1 5
16 29
3 -3 1
4 49
2 -2 2
0 5
-3 -1 0
18 34
3 3 -5
0 33
-1 -4 -4
17 34
3 4 -5
14 48
-3 -5 1
4 44
1 5 2
32 37
-5 0 1
21 34
2 -3 -2
31 40
2 -5 0
42 47
1 1 5
4 36
-2 -4 0
26 44
0 1 3
27 37
4 -3 -1
11 30
1 1 -2
3 12
0 3 1
7 39
5 2 2
18 23
-5 -4 -5
17 35
5 5 4
10 22
2 5 -1
25 38
-5 0 1
22 27
-2 1 2
20 32
-2 5 -4
0 12
5 0 0
16 40
-5 -3 5
26 39
-5 -3 0
23 44
-3 -1 4
2 8
4 2 0
17 32
1 1 2
4 18
0 -3 3
13 28
5 -3 4
7 41
-3 1 -4
27 33
-5 0 0
18 19
-5 -3 4
13 21
4 1 2
16 45
-4 -2 4
12 44
0 -1 5
16 39
5 5 -3
11 12
-3 3 4
8 45
-2 2 4
6 23
0 -3 -3
28 32
3 -3 -4
11 48
-5 -3 3
10 15
5 1 3
16 34
-5 -5 -3
7 16
5 -4 2
37 39
-3 2 0
16 32
0 5 2
13 23
-5 1 -1
28 42
0 4 -4
6 22
5 5 4
3 42
-2 -5 -5
5 41
4 2 4
6 16
4 -4 -5
38 47
-1 5 1
20 24
-4 5 4
36 43
0 -2 5
26 40
4 -1 -5
13 24
4 -5 -2
19 22
4 1 -1
11 22
4 -3 -4
24 26
1 1 1
13 39
-3 4 3
20 43
-3 -3 5
8 25
3 3 2
15 21
-3 -2 -4
2 38
5 5 -3
14 43
3 5 -5
1 38
-3 -4 1
22 28
2 -3 -4
12 46
1 -2 -1
24 42
2 -5 3
43 44
5 2 0
