50 245 
0 F -50 50
1 F -50 50
2 F -50 50
3 F -50 50
4 F -50 50
5 F -50 50
6 F -50 50
7 F -50 50
8 F -50 50
9 F -50 50
10 F -50 50
11 F -50 50
12 F -50 50
13 F -50 50
14 F -50 50
15 F -50 50
16 F -50 50
17 F -50 50
18 F -50 50
19 F -50 50
20 F -50 50
21 F -50 50
22 F -50 50
23 F -50 50
24 F -50 50
25 F -50 50
26 F -50 50
27 F -50 50
28 F -50 50
29 F -50 50
30 F -50 50
31 F -50 50
32 F -50 50
33 F -50 50
34 F -50 50
35 F -50 50
36 F -50 50
37 F -50 50
38 F -50 50
39 F -50 50
40 F -50 50
41 F -50 50
42 F -50 50
43 F -50 50
44 F -50 50
45 F -50 50
46 F -50 50
47 F -50 50
48 F -50 50
49 F -50 50
3 30
-4 -4 -2
36 43
-1 1 5
1 9
2 2 -2
31 35
-2 5 -3
10 15
5 4 -3
8 28
5 -5 5
1 19
2 -5 -1
5 14
3 5 -5
16 34
-3 1 3
36 48
2 -4 -2
17 28
-5 -5 5
14 15
5 -2 0
7 48
5 -4 -3
16 28
-2 -4 1
22 49
-2 -4 1
20 44
1 -2 1
3 49
1 -1 -5
9 44
4 -3 -5
1 10
-2 -4 -1
18 40
-2 3 4
20 45
-5 4 5
22 48
4 4 -5
15 26
3 -1 0
12 39
5 -2 -4
21 36
-3 -3 -3
11 40
1 4 5
27 40
0 -3 -2
22 38
1 3 -1
1 17
0 3 -4
9 31
-2 4 3
8 24
2 2 -1
25 27
3 -3 4
21 45
5 4 5
7 37
1 2 0
0 11
-1 -3 0
4 28
-4 2 -5
2 39
-3 -5 5
25 36
4 -4 3
12 43
-2 0 -3
11 13
-2 -5 -3
18 23
0 3 2
4 6
3 1 -3
15 47
-2 -5 0
31 42
4 0 5
11 46
5 -1 -1
22 32
-4 -5 3
20 33
-2 -4 5
7 41
-4 -4 -5
10 29
3 -2 -1
12 33
-5 -2 -3
42 48
4 -3 4
3 19
0 3 1
25 33
0 0 2
9 48
4 2 5
31 43
-3 0 2
16 35
-4 4 -1
1 3
-4 0 -1
19 24
1 -2 1
22 34
-2 3 -2
42 45
3 -3 -5
7 9
4 1 -5
21 42
0 2 1
22 39
-1 5 -1
7 12
2 -4 4
14 28
3 -5 1
3 16
-1 -5 2
8 19
-5 -1 0
21 38
-2 5 5
1 8
-5 -3 -3
38 44
-2 -1 4
32 39
-1 1 -3
37 38
-2 0 -1
2 28
-5 -4 1
15 37
1 -1 -3
10 38
-4 1 2
21 27
2 1 -3
26 35
3 0 0
17 49
-1 -5 1
22 45
1 -1 1
24 46
5 4 2
24 36
2 -4 -4
10 46
2 3 3
20 38
-2 -2 3
36 42
4 -5 -5
8 15
-5 2 1
23 37
1 1 4
22 31
-5 0 -2
31 44
-4 0 5
36 40
-2 -4 -2
33 36
-5 0 4
10 25
-3 5 0
21 28
5 3 -5
36 45
-4 -3 1
21 25
1 5 5
8 11
1 -3 3
17 30
1 -5 -2
2 23
-1 5 -1
1 28
0 -1 -1
5 43
5 4 2
31 49
1 -5 -2
6 16
5 2 1
18 38
-3 -4 1
17 46
-3 5 -5
13 36
1 3 2
23 36
4 5 4
10 19
-3 5 -3
10 43
1 1 -1
7 40
4 5 4
8 17
-1 5 -4
16 40
3 -1 -5
3 5
-4 -1 -3
18 42
5 0 3
27 38
-2 5 1
45 47
5 -3 -1
34 42
-2 -3 2
25 29
0 5 1
2 26
4 1 0
22 44
1 5 -5
14 21
-5 -1 2
20 39
0 -4 1
10 16
-1 -4 -3
28 49
-2 2 -1
1 30
-3 -2 -5
8 16
4 2 3
20 22
-1 0 -2
27 35
5 3 -1
14 42
0 -3 3
3 34
0 -2 -5
29 45
-5 2 -2
35 42
-1 4 4
13 43
3 2 -4
0 45
1 3 -4
23 33
3 -1 5
15 36
-4 4 2
12 19
-2 5 0
15 45
-1 -5 5
28 34
0 -5 -3
7 10
4 4 4
2 25
-2 -2 -4
9 16
-2 3 -2
13 34
3 -4 -2
16 37
4 2 1
37 41
3 -3 0
16 36
1 -1 -1
24 33
5 1 0
11 41
0 -4 5
16 47
-4 -5 -2
36 44
-4 -2 -1
14 26
5 5 1
10 44
2 2 2
11 26
-2 4 -1
7 26
1 -1 0
39 40
4 4 4
6 24
4 4 5
4 29
1 2 3
17 43
5 3 5
28 39
-1 -3 5
15 43
5 -3 -2
25 47
4 4 2
6 21
4 0 5
15 24
-3 3 -4
14 48
3 5 4
0 30
-4 2 3
11 24
-1 5 5
42 47
-5 -3 -3
16 22
-4 -2 -1
15 46
-5 -3 3
22 23
-5 -3 1
3 18
-3 4 1
15 42
5 5 -2
7 38
-5 0 -1
34 48
-1 4 3
5 24
-1 -3 1
4 38
4 -1 -4
34 49
3 -1 -5
22 28
1 3 1
9 30
-4 3 -2
26 49
-5 0 -2
9 23
4 1 -2
5 16
5 2 3
25 34
4 4 5
29 47
0 4 5
47 49
2 -3 -4
1 26
-3 -5 -4
9 17
1 1 0
3 13
-5 3 -2
8 45
1 3 -2
5 37
-4 -4 2
0 5
-3 -5 3
11 14
-4 -1 2
0 39
4 4 1
14 29
5 -5 -3
11 19
0 -4 1
13 31
-1 3 2
4 33
0 -5 0
41 49
1 -3 4
5 22
0 -2 -1
12 37
3 4 -4
6 41
-5 -5 2
8 39
2 3 2
28 38
2 -3 4
10 17
-4 0 2
1 24
-3 2 2
14 32
0 0 -3
27 41
-4 -5 4
0 25
-5 3 3
12 22
-5 -5 2
18 43
3 0 1
14 44
3 3 3
4 10
-2 -2 -4
19 31
1 5 -2
40 48
-2 0 2
12 15
5 0 0
21 30
-3 5 -4
23 25
-3 -5 -3
7 25
-2 2 2
2 49
-3 -3 -4
27 39
4 4 -3
40 44
4 0 1
22 43
-2 -1 5
22 27
-5 -2 3
5 40
-5 3 -5
25 38
3 3 4
14 34
-3 -2 -1
34 40
1 -5 1
10 37
4 3 -2
16 45
2 -5 -4
5 26
-1 4 4
7 29
5 3 -4
11 23
-1 -1 -4
4 8
1 2 0
1 37
-1 -1 -1
24 44
3 0 -3
14 20
2 -4 3
0 22
2 -3 -3
35 37
3 -5 3
1 25
-5 -3 3
27 47
2 -4 -3
19 27
-4 -3 -5
27 34
5 -5 0
2 13
0 -1 -2
30 31
-2 1 2
38 46
-3 3 3
20 41
-1 -1 1
1 29
3 1 3
