50 245 
0 F -50 50
1 F -50 50
2 F -50 50
3 F -50 50
4 F -50 50
5 F -50 50
6 F -50 50
7 F -50 50
8 F -50 50
9 F -50 50
10 F -50 50
11 F -50 50
12 F -50 50
13 F -50 50
14 F -50 50
15 F -50 50
16 F -50 50
17 F -50 50
18 F -50 50
19 F -50 50
20 F -50 50
21 F -50 50
22 F -50 50
23 F -50 50
24 F -50 50
25 F -50 50
26 F -50 50
27 F -50 50
28 F -50 50
29 F -50 50
30 F -50 50
31 F -50 50
32 F -50 50
33 F -50 50
34 F -50 50
35 F -50 50
36 F -50 50
37 F -50 50
38 F -50 50
39 F -50 50
40 F -50 50
41 F -50 50
42 F -50 50
43 F -50 50
44 F -50 50
45 F -50 50
46 F -50 50
47 F -50 50
48 F -50 50
49 F -50 50
3 10
4 1 -5
34 43
-4 1 -3
0 2
-3 5 2
12 41
0 -4 2
24 43
-4 1 -1
4 49
-5 -1 3
23 41
-1 -3 -1
2 41
3 -1 -1
21 43
-2 2 -5
27 49
-3 3 3
13 38
2 4 1
5 7
-1 0 3
24 39
-3 -2 3
21 22
0 -4 4
17 40
0 1 2
25 39
3 4 -5
14 38
0 -2 0
28 33
2 -4 4
1 8
0 4 -3
3 35
3 5 1
4 6
-5 5 -2
1 9
3 2 -1
10 11
-2 -4 1
4 43
1 -1 -4
3 39
-1 4 2
32 38
-4 -4 4
10 12
-2 1 4
33 37
1 -2 -1
44 48
-4 -5 1
20 30
-4 5 -4
16 19
1 0 2
4 44
4 3 4
19 20
-2 4 -5
28 44
-1 5 5
15 26
-3 4 2
1 35
3 -4 3
18 21
-4 -5 0
20 42
1 1 1
19 48
-3 1 0
46 47
5 -1 -5
34 46
-3 0 4
19 32
-1 2 5
28 45
2 -1 -5
31 46
0 5 1
0 5
-5 2 -3
7 29
2 4 5
10 36
-2 -4 4
13 17
-4 4 -5
26 32
5 -4 -1
34 35
-5 -2 4
6 19
-5 -5 4
27 40
2 4 -3
7 42
4 -1 1
41 45
2 -1 5
11 37
-4 3 5
2 35
-3 -3 -1
32 43
0 -4 -3
24 44
-3 4 1
28 40
-3 5 0
11 13
1 -5 3
38 42
-4 -5 -5
7 11
-2 -3 -4
6 12
2 1 -4
35 37
-1 -1 -4
7 39
0 0 4
3 17
-2 3 -3
9 23
-2 0 5
23 33
5 4 4
10 37
2 5 1
31 34
1 -2 -5
13 21
4 -5 4
25 48
-2 0 -3
11 40
-3 -5 3
30 35
0 -4 0
4 18
5 -1 1
17 32
1 2 0
8 40
4 -2 -2
11 17
-5 0 3
6 17
4 -3 -1
6 47
2 -2 1
19 37
-5 4 -2
26 29
2 2 3
10 17
5 -4 -1
24 47
-2 2 3
13 39
-2 3 1
27 37
1 -2 -1
8 9
-2 5 -5
0 7
5 -2 0
12 22
0 3 1
31 32
3 -2 4
16 34
-3 1 3
14 29
2 -4 5
7 41
-5 -3 -3
33 34
5 0 4
29 42
3 1 1
23 28
4 -5 -5
4 15
-1 -1 3
15 47
0 5 -2
22 44
-2 -2 -3
15 33
-3 5 2
8 10
-4 1 -4
26 48
-5 -1 -3
12 18
-2 1 1
7 34
-1 -4 -5
1 45
1 5 -1
16 23
-5 -2 2
0 41
0 -3 1
11 43
-5 0 -1
5 35
-1 0 0
2 11
-2 -1 -3
2 28
2 -3 -2
18 48
-1 -2 -1
11 24
-5 5 1
5 18
4 -4 0
14 34
-5 0 4
4 45
-1 -3 3
5 20
0 5 4
5 27
-4 5 1
24 41
-2 -3 -4
8 42
-3 -3 -1
14 41
1 5 4
32 47
1 -3 0
7 33
1 -3 2
42 43
5 -1 2
14 37
5 3 2
48 49
1 3 -1
12 17
5 5 1
33 41
2 3 -4
6 22
4 -1 -5
39 44
-1 0 -3
12 28
2 -5 5
6 49
-2 2 5
16 27
3 0 -1
6 36
0 -1 2
31 44
-4 1 -5
3 44
-4 -2 -1
4 46
5 -2 1
22 41
2 -3 3
41 49
-1 0 -5
20 33
5 3 -3
11 27
4 5 -5
3 13
2 4 1
33 36
2 -3 1
40 44
3 -1 -4
15 43
2 0 -4
43 49
5 -4 1
21 24
-3 0 4
18 25
1 -4 -4
26 38
-5 -4 -5
0 27
2 2 1
9 16
-4 1 -3
1 25
4 -2 -2
23 34
-4 -3 -1
12 23
-2 -4 1
22 32
-1 -5 4
3 29
-5 1 -2
38 45
5 4 -4
0 15
-5 -1 -2
11 45
-5 5 -1
42 44
-2 4 0
17 24
2 0 3
2 22
0 0 -1
22 42
-4 0 3
26 45
0 1 -4
8 27
4 2 -2
41 47
-4 1 4
17 49
2 -1 -5
25 31
-2 -4 -1
2 26
3 -4 4
8 18
-1 -5 0
9 11
-4 5 -2
29 32
3 3 0
26 27
-2 0 -5
20 35
0 1 0
3 9
-2 5 1
22 39
-2 -4 0
18 28
1 5 -2
26 40
-3 -2 -3
5 46
2 -1 -1
23 45
-4 -2 -1
28 30
-4 2 -3
21 42
3 0 2
35 36
-2 -1 1
5 31
-3 1 1
16 36
5 3 -3
32 35
5 1 5
23 42
-4 -1 -1
1 6
5 2 5
20 32
0 -3 -1
35 39
-1 -4 -2
32 39
-5 -2 -3
1 28
-4 -2 3
22 47
-3 -4 -2
22 28
2 0 2
5 19
2 5 2
16 33
5 -1 -4
11 41
-5 4 4
23 40
-2 1 -4
15 45
0 3 -2
13 27
2 -4 0
10 26
-3 -3 -5
21 36
-4 -3 3
0 29
-2 -5 2
14 25
-3 5 -1
14 30
-4 3 1
7 32
4 4 5
6 20
-5 -1 -4
3 28
-3 3 2
41 42
-3 -3 3
3 47
0 5 0
1 19
-1 -3 2
6 40
2 -4 0
35 48
1 5 3
19 40
0 2 5
45 46
-1 -5 4
0 34
-3 -4 2
0 30
4 5 4
27 45
4 4 1
19 36
0 5 3
15 46
3 -3 -5
14 43
2 5 1
2 3
3 1 -2
1 43
-4 2 0
11 48
-3 5 5
28 43
3 0 -3
33 46
1 -4 0
2 23
4 0 0
13 42
-1 0 0
5 8
1 4 0
17 42
3 4 3
12 32
0 -4 0
23 39
-2 4 -1
14 18
0 -1 0
3 23
-3 2 -4
1 41
0 2 -2
13 36
5 -1 4
9 19
-3 1 5
44 47
-5 -4 0
39 49
-5 -5 -5
16 28
-5 -4 -3
18 42
-2 1 0
0 42
-4 -3 3
6 25
2 -4 1
15 21
-1 3 -2
16 31
-4 -5 2
