50 245 
0 F -50 50
1 F -50 50
2 F -50 50
3 F -50 50
4 F -50 50
5 F -50 50
6 F -50 50
7 F -50 50
8 F -50 50
9 F -50 50
10 F -50 50
11 F -50 50
12 F -50 50
13 F -50 50
14 F -50 50
15 F -50 50
16 F -50 50
17 F -50 50
18 F -50 50
19 F -50 50
20 F -50 50
21 F -50 50
22 F -50 50
23 F -50 50
24 F -50 50
25 F -50 50
26 F -50 50
27 F -50 50
28 F -50 50
29 F -50 50
30 F -50 50
31 F -50 50
32 F -50 50
33 F -50 50
34 F -50 50
35 F -50 50
36 F -50 50
37 F -50 50
38 F -50 50
39 F -50 50
40 F -50 50
41 F -50 50
42 F -50 50
43 F -50 50
44 F -50 50
45 F -50 50
46 F -50 50
47 F -50 50
48 F -50 50
49 F -50 50
14 38
0 1 0
25 32
5 -2 2
29 38
-2 -3 3
27 36
4 -2 4
9 49
-4 -3 5
10 40
-3 -1 -4
3 44
-3 1 3
2 18
-4 3 3
20 40
1 -3 5
17 21
-2 2 -1
9 18
5 5 -2
2 33
-5 3 3
7 46
-2 0 -1
14 22
2 -5 -1
7 38
-2 -1 2
0 38
-5 0 5
0 33
1 -5 4
14 35
-2 5 1
26 48
-1 1 -3
23 33
3 4 -4
15 29
2 2 -5
8 21
-3 -4 -4
1 22
-4 -5 3
9 12
0 -2 5
26 46
3 -4 -5
12 25
0 -4 2
6 20
5 -2 3
23 34
3 -5 3
37 44
3 5 1
23 47
4 3 3
6 45
4 -1 0
27 41
4 4 -3
4 14
0 -1 -1
7 10
3 -4 -4
10 39
-1 -1 2
7 8
-4 5 0
8 31
2 4 1
24 41
1 -4 -4
6 30
3 -4 -2
24 26
-2 4 4
29 42
-3 0 -2
28 47
2 -5 3
32 44
1 5 -3
39 43
2 5 -2
5 18
4 4 5
19 48
-1 5 4
0 16
-5 0 2
11 34
-5 5 5
13 47
-1 0 -2
0 12
3 2 2
40 42
5 1 4
6 24
0 -5 -2
3 42
-3 2 -2
35 44
-1 5 2
10 25
-5 4 3
29 46
3 3 -2
22 42
2 3 1
13 39
3 1 -2
8 26
-4 2 4
30 34
1 -1 -2
28 39
3 1 0
6 41
0 1 2
21 26
-2 5 4
19 37
-1 1 -4
4 23
5 1 -2
32 38
2 1 1
0 34
2 -4 -5
19 31
4 -4 5
6 48
5 -3 -3
4 32
4 -4 2
6 27
-3 -1 -1
25 43
5 2 3
28 41
0 5 -3
30 48
2 -4 1
7 24
-3 -4 3
39 46
-2 -1 3
13 24
1 -1 4
6 43
5 5 0
9 24
2 -2 5
14 47
0 0 5
15 31
0 1 0
4 22
4 -1 -2
16 45
0 0 -1
44 49
0 -5 3
7 36
1 4 -1
18 19
-1 -4 3
7 47
-1 2 -2
11 47
-5 0 1
6 26
1 5 2
5 13
-2 -4 0
2 21
-2 -2 3
16 47
-4 2 5
20 22
4 1 -4
13 35
4 -4 2
26 39
-2 -2 2
30 47
-4 -5 -3
17 45
5 1 0
0 22
0 -3 -2
16 32
-5 0 4
33 48
1 0 4
10 36
-4 -1 -2
15 34
3 -2 -1
21 37
-2 -5 2
9 21
-1 4 0
15 16
-5 2 2
36 37
-5 1 -4
2 36
-4 -4 -3
17 28
2 0 2
18 36
-1 -3 -2
11 24
-1 4 0
2 24
-5 2 -3
12 14
2 2 -3
6 36
1 5 0
20 21
0 4 -3
8 33
-4 1 -1
28 33
4 -4 -4
30 40
2 1 5
5 7
5 5 -4
10 28
-1 0 0
33 42
4 3 0
18 32
-3 1 -3
31 37
-4 5 5
19 22
2 4 0
14 30
-3 5 0
23 48
-4 -3 -1
8 20
5 -4 1
16 17
-2 0 5
25 38
2 4 5
12 17
-4 -1 -4
11 17
-5 -2 0
22 30
2 0 1
25 31
0 -3 2
14 28
4 -4 0
16 31
-1 -3 -2
39 44
0 -4 5
29 32
3 5 5
0 20
3 -3 5
6 17
-2 3 1
2 13
-4 -3 3
12 23
-3 5 -3
27 33
2 -1 0
21 41
-5 1 -3
0 23
-3 5 -1
39 48
4 3 3
18 23
3 5 -4
10 43
-4 5 -1
15 43
2 4 -1
0 3
-5 -1 2
18 28
-1 3 -3
13 36
1 -4 3
5 47
4 5 -2
1 37
1 0 -4
27 28
-1 -3 2
34 36
-5 -1 -1
16 24
-5 -2 4
16 34
3 1 0
9 17
-3 4 -3
1 42
3 -3 -4
21 28
-4 2 -4
15 38
5 3 3
36 42
-2 4 -4
5 32
-4 -2 -5
19 41
5 -1 -2
5 46
5 -1 -4
42 46
-2 -2 -2
18 42
1 -2 5
16 40
0 -3 -5
0 9
-2 -1 3
0 18
-3 5 -5
18 40
0 2 -1
11 22
-2 -1 3
26 36
1 2 -1
5 37
5 -2 3
27 32
-1 4 -5
2 6
-1 3 -4
20 41
0 4 -1
9 16
-2 5 0
12 44
-2 -5 1
11 40
1 0 -4
34 45
1 1 -2
38 43
1 -4 -1
22 31
4 -4 1
7 16
2 0 0
47 48
-4 -2 -5
3 49
1 4 3
3 29
0 -1 -4
28 40
0 -2 1
10 48
5 5 -2
21 47
5 -1 -5
11 39
5 -3 2
33 37
-2 2 -4
32 43
-3 4 1
38 48
0 -4 3
24 38
-2 0 0
20 45
-3 2 1
2 15
2 5 1
23 28
-3 -3 1
10 14
2 2 1
17 44
-4 5 2
13 14
-5 -3 4
5 30
-4 -1 -2
16 36
4 -4 -2
3 47
-5 3 3
23 49
-1 -1 2
18 49
0 0 -3
0 35
-1 1 -4
23 37
1 -3 -2
6 10
-4 4 5
16 26
-3 4 4
12 41
0 3 -3
5 44
-5 -5 -3
4 21
1 1 4
10 46
-2 1 -5
12 13
-3 -2 -4
0 44
4 4 -4
13 31
3 1 -4
22 36
4 -2 -5
25 29
3 5 1
17 33
1 3 1
9 20
4 -5 3
18 46
3 5 -4
11 48
1 2 -1
24 36
-3 4 0
14 17
4 5 -3
7 40
-4 3 -3
31 40
-1 -3 4
11 21
0 -3 -4
22 46
-3 3 -5
20 30
-2 5 3
15 25
-4 3 2
12 42
-3 -1 -2
6 7
-5 -1 5
7 9
1 0 -4
36 41
2 5 -3
14 43
-1 -2 -4
4 26
-1 3 -3
9 46
3 -2 -2
25 48
3 3 1
45 46
-2 -2 4
37 40
-5 -5 2
41 45
0 -5 -3
1 33
1 5 4
17 43
5 4 1
35 38
-3 3 -5
4 44
4 -4 -5
