50 245 
0 F -50 50
1 F -50 50
2 F -50 50
3 F -50 50
4 F -50 50
5 F -50 50
6 F -50 50
7 F -50 50
8 F -50 50
9 F -50 50
10 F -50 50
11 F -50 50
12 F -50 50
13 F -50 50
14 F -50 50
15 F -50 50
16 F -50 50
17 F -50 50
18 F -50 50
19 F -50 50
20 F -50 50
21 F -50 50
22 F -50 50
23 F -50 50
24 F -50 50
25 F -50 50
26 F -50 50
27 F -50 50
28 F -50 50
29 F -50 50
30 F -50 50
31 F -50 50
32 F -50 50
33 F -50 50
34 F -50 50
35 F -50 50
36 F -50 50
37 F -50 50
38 F -50 50
39 F -50 50
40 F -50 50
41 F -50 50
42 F -50 50
43 F -50 50
44 F -50 50
45 F -50 50
46 F -50 50
47 F -50 50
48 F -50 50
49 F -50 50
13 48
-2 3 0
10 38
1 -4 3
11 38
-1 -1 4
16 36
-2 -4 3
26 34
-5 1 4
9 33
1 4 2
7 45
-2 -1 -3
40 47
-3 3 3
31 37
0 -3 2
6 9
3 1 -5
3 39
-5 -4 1
15 18
5 3 -2
16 35
5 3 -2
2 41
-2 0 -3
6 43
5 5 -3
13 34
2 -5 -5
11 30
4 4 5
17 23
-2 1 -5
5 9
-5 4 0
30 36
3 -5 -3
8 31
5 3 1
3 19
5 -5 -5
3 5
5 -2 3
28 47
0 1 4
17 25
-1 5 5
14 34
-5 -3 -3
1 12
2 2 -2
14 19
-1 5 -2
13 44
1 -1 -2
3 42
0 -3 1
12 20
1 2 5
28 43
4 5 2
14 49
1 5 0
28 37
-3 0 -5
11 12
0 -5 1
22 33
3 4 -2
20 26
-4 -4 -2
24 46
-5 -3 3
24 40
0 0 5
23 38
-5 -3 1
2 19
-5 5 -5
4 39
-3 -4 -3
13 29
3 0 2
12 32
4 2 5
9 21
4 2 5
27 42
1 4 -3
0 43
2 0 -3
18 34
-4 1 -4
20 45
2 1 2
3 11
0 -1 5
2 22
4 2 -5
27 32
-5 -4 5
2 39
-3 2 -3
31 41
3 5 2
5 31
4 -3 -2
0 1
1 0 4
8 48
3 0 5
21 39
-3 -2 0
11 39
-3 -5 1
31 43
-4 5 -5
30 44
1 -4 -5
0 49
-2 0 -3
30 39
-4 -2 -4
6 18
3 -1 -1
35 40
1 3 -3
19 27
-2 3 1
0 10
0 0 -5
1 25
3 2 3
3 13
-1 1 5
18 25
3 -1 -4
29 32
-3 0 3
45 46
-4 -2 4
23 33
-3 4 4
15 35
-1 -2 0
34 42
1 1 5
5 7
0 5 3
9 39
-5 -5 1
4 13
3 -2 2
0 14
-5 -5 -2
23 40
4 3 -5
1 16
3 -3 -2
24 44
2 -4 4
8 10
3 0 -1
13 46
1 5 4
6 45
-5 -2 4
17 40
-2 -5 2
8 21
-4 -2 -4
16 19
3 4 -2
1 45
4 -4 -1
41 45
5 0 -1
14 31
-1 2 0
47 48
-4 0 -3
0 18
1 -5 -3
27 30
5 -5 1
5 8
0 2 -2
4 33
0 -5 0
18 23
4 -4 0
31 46
1 -2 4
34 44
3 4 -4
23 31
1 3 -4
21 48
-1 -4 0
8 47
5 1 -5
9 44
0 -2 4
15 48
-3 -5 4
11 49
-3 3 5
8 23
5 4 5
8 38
-5 0 4
6 13
-4 3 -2
18 24
-3 -3 1
13 33
2 -2 4
4 15
3 -1 -5
17 48
4 0 -5
1 48
-4 0 -3
5 24
0 -1 -3
0 7
4 -1 2
16 28
4 3 2
11 28
0 -2 -1
26 39
5 -1 3
20 46
-3 -3 -1
2 30
1 4 1
30 31
4 0 4
3 49
3 4 -1
9 35
5 -1 4
9 31
5 1 -1
10 40
3 -3 0
14 17
5 1 -4
12 13
1 4 -4
10 12
-5 -1 4
18 35
-2 4 3
6 23
4 -3 4
18 40
-5 -1 -2
11 48
-4 -1 -3
21 45
0 3 -5
13 24
-2 2 3
33 44
-3 -1 2
30 33
-2 -2 4
6 32
1 -4 -5
27 49
-1 -3 4
9 49
2 -2 -1
28 38
1 0 4
16 34
-5 4 -4
26 35
3 -3 3
23 36
-2 2 -5
33 41
-2 -4 -3
4 38
5 3 2
6 44
-3 5 -2
5 35
0 -5 -1
13 39
-2 2 -4
12 25
4 3 3
10 15
-3 -5 -4
0 31
4 -3 2
41 49
-3 0 4
19 44
-5 4 -2
2 33
3 4 2
20 48
1 -3 -2
14 16
1 -5 4
8 40
4 1 1
7 10
1 -2 3
2 7
3 -1 2
29 45
-1 -1 4
11 23
2 3 5
1 39
4 -1 -5
19 40
-5 -1 4
13 22
1 4 3
19 35
-3 5 3
26 43
4 -5 5
27 40
4 5 -4
26 46
2 1 0
7 20
4 -2 -4
38 43
-3 5 -4
18 45
5 -3 -1
25 35
1 4 -1
0 32
1 2 1
29 48
-2 3 1
3 44
-3 5 3
30 43
-1 -5 0
6 19
3 3 -3
28 48
3 4 0
7 48
-4 4 -1
4 18
3 -5 2
44 49
1 5 -2
3 9
1 -3 -4
37 38
-1 3 0
7 41
-5 1 4
27 43
3 5 5
13 20
-4 -4 3
34 46
1 -5 4
22 49
5 5 1
9 48
2 -5 -2
9 45
-2 -4 -4
40 49
1 4 -5
7 23
-3 4 2
3 45
3 1 1
28 35
-2 -3 -5
12 26
-4 3 1
14 24
-5 -1 0
39 43
-3 1 4
1 24
-3 -4 0
31 35
4 -1 4
15 36
-4 2 -3
6 8
-1 1 -3
1 9
3 2 3
4 42
-4 1 -1
29 43
0 4 -5
16 32
-2 -3 3
23 24
4 3 -3
1 44
-5 3 1
22 37
-4 -2 0
0 3
5 5 1
9 19
2 4 -1
7 37
-4 -3 1
1 43
2 -4 1
15 38
3 2 -4
21 35
-1 5 5
0 40
-1 -2 0
1 28
1 -1 -4
1 30
5 5 -2
10 23
-3 -2 -5
35 49
2 -3 0
7 32
3 -3 3
19 25
-1 -4 -2
7 49
0 3 -1
25 30
-3 0 -2
26 40
5 -1 3
4 46
2 4 -2
6 12
-2 4 5
18 43
4 -5 -1
42 49
-3 5 -4
27 33
5 -3 -4
20 47
0 0 5
27 41
3 3 -2
1 20
-2 4 -2
37 41
1 -1 -3
24 39
3 3 -2
24 47
4 -5 2
18 42
4 -2 4
24 25
-5 4 2
13 49
0 -2 0
15 29
-5 2 1
5 47
4 1 0
28 29
2 -5 4
2 14
-1 4 2
12 28
-1 -5 2
21 37
-5 -4 -2
12 21
-5 2 -3
