50 245 
0 F -50 50
1 F -50 50
2 F -50 50
3 F -50 50
4 F -50 50
5 F -50 50
6 F -50 50
7 F -50 50
8 F -50 50
9 F -50 50
10 F -50 50
11 F -50 50
12 F -50 50
13 F -50 50
14 F -50 50
15 F -50 50
16 F -50 50
17 F -50 50
18 F -50 50
19 F -50 50
20 F -50 50
21 F -50 50
22 F -50 50
23 F -50 50
24 F -50 50
25 F -50 50
26 F -50 50
27 F -50 50
28 F -50 50
29 F -50 50
30 F -50 50
31 F -50 50
32 F -50 50
33 F -50 50
34 F -50 50
35 F -50 50
36 F -50 50
37 F -50 50
38 F -50 50
39 F -50 50
40 F -50 50
41 F -50 50
42 F -50 50
43 F -50 50
44 F -50 50
45 F -50 50
46 F -50 50
47 F -50 50
48 F -50 50
49 F -50 50
9 35
-4 2 -1
9 34
-4 -2 0
1 30
1 -3 4
11 41
-3 1 5
19 39
2 5 4
11 45
-2 5 -2
2 6
1 0 -1
11 37
2 0 3
4 38
-2 -5 2
44 46
3 -2 -5
22 47
3 2 0
8 39
2 2 -3
0 24
-1 4 -5
32 46
1 1 -2
9 20
-1 5 4
16 17
1 -2 5
19 28
-1 -5 0
25 30
-3 1 3
26 41
2 -4 2
3 43
4 5 -5
2 48
-5 -1 -1
24 41
-5 -3 5
37 42
1 4 1
1 18
0 -2 3
30 42
1 5 -2
10 18
3 -1 -3
10 36
5 -2 0
9 39
2 -3 -2
37 44
-5 5 -5
10 16
5 2 4
33 43
-4 1 -2
29 30
5 2 -5
8 11
-4 -5 5
24 31
-3 -5 5
14 35
5 4 -5
4 7
5 0 4
26 38
-3 -1 -3
12 31
0 -3 3
11 48
0 3 -3
40 49
-3 -2 2
5 39
0 -5 5
21 43
5 -1 -1
15 33
-1 -2 3
11 22
1 -5 -3
7 40
2 3 0
21 22
1 -4 4
23 39
-1 3 5
27 30
-2 1 -3
13 20
-3 0 -5
3 7
-5 -3 1
23 24
2 -2 2
6 28
-5 5 -1
11 47
0 -5 -4
20 27
2 1 5
4 26
1 -5 -3
32 47
4 2 -3
22 45
-5 5 4
43 47
5 3 5
10 42
-4 -1 4
8 35
0 -2 -3
8 49
-3 4 3
2 20
2 -4 -4
7 8
4 1 -1
26 48
3 0 -3
23 40
3 2 -5
2 40
3 5 3
18 47
-3 -5 5
4 18
-2 -2 -2
1 10
-5 -2 5
2 34
-5 1 2
8 17
3 2 1
7 36
2 4 -4
18 39
4 2 -3
8 47
5 -4 4
21 45
-5 -5 -5
11 30
-2 4 3
17 25
-3 -1 -3
36 49
-1 -3 4
24 44
-4 0 2
20 43
-1 -5 -2
12 29
-3 -3 4
47 49
3 1 4
1 34
5 -1 1
18 28
-2 5 4
16 34
2 -2 0
6 30
-5 3 2
30 48
-2 -5 3
9 43
3 -5 0
28 40
1 -4 -2
26 49
3 -1 -3
9 38
2 5 -5
21 24
2 -4 4
7 28
5 3 4
39 41
4 2 5
24 42
0 -5 -5
23 34
-2 1 3
7 46
0 -2 3
1 26
-4 1 2
23 44
-5 -1 1
6 29
3 4 -5
21 25
2 5 -1
3 24
4 -3 -4
24 35
-4 -1 -5
20 21
-3 0 0
35 41
0 -1 -3
13 18
-1 -5 5
35 37
-5 -5 -4
17 39
1 -2 -5
37 41
1 5 1
0 25
-1 0 2
1 8
-2 -5 -2
2 19
-5 -2 5
9 30
2 -1 2
1 46
0 3 5
3 36
-1 4 -4
4 33
1 0 5
30 40
1 -1 0
13 29
-4 -2 5
19 22
5 -1 -2
2 11
3 -1 4
33 37
-2 3 5
4 31
3 2 -1
15 34
2 -5 3
7 14
4 4 -1
3 28
2 1 4
23 28
0 1 -5
15 42
2 -4 2
46 47
4 -2 2
16 36
-1 -3 -2
13 17
0 2 1
14 30
5 -4 -2
1 3
-3 0 2
13 37
-3 2 1
9 11
2 -3 0
24 38
-1 5 -1
13 25
2 1 1
5 30
-2 2 -1
5 25
-1 -3 -3
21 36
5 2 -3
2 39
-5 -5 -5
11 46
4 -4 3
5 48
-3 2 2
29 46
4 -5 -3
3 30
-3 -5 -5
10 17
-2 -2 3
5 27
5 4 -1
31 38
-5 0 -1
7 41
3 -1 -2
17 46
-3 -3 0
17 24
-2 0 4
6 39
2 -4 -5
18 42
-3 -1 -1
1 40
-3 -3 1
30 39
-5 -4 3
6 47
-3 5 4
0 20
0 -3 1
8 13
-2 2 -4
11 17
3 1 -4
12 47
-3 3 -1
18 48
-2 -1 -1
22 28
1 -1 2
38 49
-5 2 -4
15 35
5 2 -4
45 49
3 5 3
0 9
4 -5 1
23 27
3 2 3
6 32
-4 1 4
17 49
2 -5 5
27 37
5 -4 2
10 13
5 5 3
27 34
2 3 5
24 47
-1 -5 4
44 49
0 5 1
26 27
5 -5 5
31 49
-5 2 0
16 28
5 5 3
4 8
3 1 1
31 32
4 1 3
21 42
4 5 -5
19 41
5 3 -2
2 31
3 2 4
21 49
-5 -3 2
22 24
-3 2 -4
19 32
-3 1 -3
11 18
0 5 -2
4 30
-4 -2 3
8 29
-1 -5 -1
3 22
1 -1 -3
1 19
4 0 0
36 38
-1 -4 3
28 31
1 -4 -4
15 38
-2 2 2
7 19
-3 2 0
18 27
-2 -4 1
20 29
-2 3 -4
0 37
-2 -5 -5
26 39
-3 2 -1
11 20
0 -3 -5
4 17
1 -4 0
38 42
4 5 1
15 46
-4 3 2
15 37
3 -4 4
14 36
-1 -5 -3
26 31
2 -4 5
25 36
-1 1 -2
10 47
2 3 -4
22 31
4 5 5
27 42
-5 -3 -2
16 21
3 0 -5
6 27
5 -4 0
3 17
-4 -4 -3
30 49
-4 4 -4
9 10
-4 -1 -1
9 40
2 -2 4
18 45
1 -3 4
21 32
-1 3 -3
1 9
3 1 1
5 7
-5 -3 -2
26 37
0 2 -1
0 27
-3 2 5
1 35
-3 0 -2
34 38
-1 -2 -1
22 41
-2 0 -5
2 8
-5 -2 -3
28 45
2 1 -5
29 31
3 3 5
18 40
5 4 5
4 13
1 1 4
6 21
2 3 2
0 19
3 -3 -5
27 32
4 -2 0
29 49
4 1 -4
8 22
2 0 -5
6 42
3 -5 -4
22 38
3 -4 3
18 30
1 -5 1
27 43
-5 -3 -5
2 25
4 5 0
2 14
2 2 -2
29 43
-3 3 2
3 32
3 0 2
36 37
-1 2 -3
25 26
-2 2 5
1 13
5 -4 2
16 41
-5 -5 -5
