50 245 
0 F -50 50
1 F -50 50
2 F -50 50
3 F -50 50
4 F -50 50
5 F -50 50
6 F -50 50
7 F -50 50
8 F -50 50
9 F -50 50
10 F -50 50
11 F -50 50
12 F -50 50
13 F -50 50
14 F -50 50
15 F -50 50
16 F -50 50
17 F -50 50
18 F -50 50
19 F -50 50
20 F -50 50
21 F -50 50
22 F -50 50
23 F -50 50
24 F -50 50
25 F -50 50
26 F -50 50
27 F -50 50
28 F -50 50
29 F -50 50
30 F -50 50
31 F -50 50
32 F -50 50
33 F -50 50
34 F -50 50
35 F -50 50
36 F -50 50
37 F -50 50
38 F -50 50
39 F -50 50
40 F -50 50
41 F -50 50
42 F -50 50
43 F -50 50
44 F -50 50
45 F -50 50
46 F -50 50
47 F -50 50
48 F -50 50
49 F -50 50
16 29
4 2 1
17 40
-3 -5 2
20 44
-3 1 2
2 22
0 -5 -3
7 30
2 5 4
3 36
-4 -5 1
12 31
0 -3 -4
26 34
4 3 -1
15 28
-3 -5 1
30 48
0 1 -3
36 41
2 5 2
35 41
5 -3 0
7 10
-3 2 2
5 23
1 -2 -4
1 15
5 3 2
9 11
-2 -3 -5
0 9
1 -2 5
26 46
0 1 3
14 18
-3 -5 -2
28 36
5 5 1
21 43
-4 -2 -1
6 39
-4 2 -4
4 44
5 0 3
32 40
-5 -3 2
21 32
-1 -4 -3
19 34
-1 1 2
20 23
2 -4 -4
33 47
3 3 2
32 42
1 -4 5
12 27
-2 4 -2
18 23
0 -5 4
6 11
3 -1 4
22 37
4 -2 4
21 28
-2 1 -2
31 47
3 -1 4
22 32
1 0 5
30 33
-4 5 2
46 48
5 0 -2
3 5
-5 0 -1
19 32
-3 -1 -4
25 33
-1 4 -5
26 45
-3 3 -1
5 38
-1 -2 4
11 46
5 -2 4
8 37
5 0 -1
37 49
4 2 -2
29 39
4 5 -5
24 48
-2 4 0
8 13
1 4 2
16 41
-1 -2 2
7 49
2 -1 1
11 18
3 -2 -3
16 32
3 -1 1
34 37
2 0 3
1 35
2 -1 4
19 26
0 3 -5
4 49
2 -4 -1
3 43
2 0 -4
10 16
4 -4 4
11 28
4 0 1
15 39
4 3 3
14 19
4 -2 4
0 8
3 -2 5
4 48
3 2 -5
43 44
5 4 4
18 43
2 1 -4
27 47
-4 -1 2
27 33
-1 -4 2
19 33
-5 -3 4
2 26
-5 -5 -5
11 27
2 -3 4
12 21
5 5 -5
14 25
0 2 -5
34 42
2 -5 -4
7 23
2 -1 -2
15 20
-5 -5 -1
0 16
1 5 5
29 30
-2 3 4
36 40
-4 -5 4
5 33
3 5 -1
11 26
0 -1 -3
22 42
-4 0 2
15 34
-3 -4 -2
15 42
4 -1 2
12 23
-3 0 -3
37 47
-2 1 4
2 23
5 -2 -4
0 25
1 3 1
12 40
-2 0 4
11 42
-3 -2 0
27 43
-2 5 2
26 27
1 -3 2
3 21
-3 1 -4
43 45
5 1 -5
18 48
-2 2 5
36 46
-1 -2 1
10 17
0 2 -3
26 47
3 -4 4
0 22
-5 5 1
6 17
-5 1 3
2 29
-5 4 -1
1 41
1 3 -3
2 31
1 1 -4
23 45
3 2 1
23 26
-4 3 -2
13 19
-3 5 -3
0 28
0 -5 -3
4 6
4 -2 5
15 46
-5 -5 0
12 44
1 -5 -4
7 9
4 2 4
19 27
2 -4 4
9 48
-5 -4 -4
9 39
-2 -3 -3
10 48
1 -4 -5
12 32
3 -4 4
13 18
-5 4 4
13 24
-3 0 0
42 48
-5 3 -1
40 46
1 -4 4
5 40
-2 5 -5
34 40
0 -4 1
28 41
-5 0 3
9 38
-2 2 -5
27 34
2 -4 -1
34 35
-5 1 3
18 45
-5 0 -2
13 47
-4 -1 -3
8 15
5 5 -2
23 48
-4 -2 -5
3 39
2 -4 -5
7 42
-4 -1 5
8 49
-1 -5 0
21 39
-2 5 -3
22 43
2 3 0
1 34
-5 2 3
23 40
-5 1 -1
21 29
-4 1 3
1 8
4 -2 1
4 10
-4 -2 -1
1 42
-2 4 -3
8 11
-3 3 -1
27 28
1 0 -4
6 41
-3 -1 -3
13 16
1 0 0
47 49
-3 -3 4
0 29
-2 2 0
16 24
-3 -2 5
3 11
-4 2 3
33 46
-3 5 -4
24 32
1 3 -1
22 36
-1 1 -2
11 15
-1 -1 1
30 44
4 3 -4
18 31
5 -4 5
5 36
5 -3 -2
6 43
1 -5 -3
5 10
0 3 -1
25 31
1 2 2
14 23
2 3 4
5 29
5 -5 3
16 21
1 1 -1
0 31
-3 -2 2
35 48
5 5 3
23 47
-2 -5 4
4 19
2 5 5
4 28
2 3 0
10 15
-3 -2 1
7 11
-4 -5 0
4 39
0 4 1
17 38
-4 -1 2
5 26
0 1 0
21 49
4 5 -2
6 47
-4 -3 -2
29 35
-1 2 -1
22 28
1 5 0
19 22
-1 3 -2
19 49
1 2 -2
7 48
4 5 -4
22 44
1 5 3
2 7
-2 0 -1
1 18
-4 -1 -1
12 28
-3 4 2
15 49
-2 4 -3
3 42
2 4 -1
1 31
5 -3 -4
18 26
-4 -2 -3
2 39
4 -4 2
18 33
2 -1 5
13 27
1 4 -4
17 43
-4 3 -3
19 48
-2 -4 -5
31 35
3 4 -3
29 34
-5 3 -1
19 38
2 3 3
46 47
3 -4 4
9 24
-5 0 -3
5 19
-3 4 -2
26 32
3 0 -5
6 36
5 -3 3
5 45
1 2 2
17 41
1 -3 -1
6 21
1 1 2
4 37
-1 -2 -4
42 46
3 -3 -2
12 36
2 2 4
7 37
-5 -3 3
10 41
1 0 0
7 24
-4 -3 -5
0 18
2 3 -3
8 31
-1 0 0
28 34
-5 -4 5
16 45
-3 5 -5
2 6
4 -5 4
10 35
1 -5 0
34 44
2 4 0
3 14
-3 0 1
6 25
-2 2 -1
18 24
-5 -2 3
10 12
-1 -4 -1
7 34
-5 -3 5
11 29
2 3 -2
32 37
-5 -4 4
9 25
4 4 -5
21 41
5 1 -4
1 43
5 -1 -4
27 38
1 3 -2
2 11
-1 -2 -1
37 43
4 -3 0
14 20
3 -1 1
24 35
4 4 2
20 25
-5 -4 3
32 34
-4 -3 2
29 32
5 2 4
24 45
4 -5 2
31 34
4 1 -2
43 46
-5 -3 3
13 42
-4 5 0
0 45
-2 -1 0
18 27
-1 -3 -3
25 28
-4 -2 2
24 26
1 5 1
35 38
3 -1 -5
7 38
-5 -5 -4
22 25
3 -2 1
